# z 3L*(ugrizY) 2L*(ugrizY) L*(ugrizY) 0.5L*(ugrizY) 0.4L*(ugrizY) 0.3L*(ugrizY),  Formation redshift used: 3.0 .  Length of exponential declyning SF: 0.4 Gyr.  Offset in Mr 2.0  
0.000   -inf -inf -inf -inf -inf -inf   -inf -inf -inf -inf -inf -inf   -inf -inf -inf -inf -inf -inf   -inf -inf -inf -inf -inf -inf   -inf -inf -inf -inf -inf -inf   -inf -inf -inf -inf -inf -inf 
0.010   12.5269 11.0319 10.2204 9.8363 9.5865 9.4377   12.9160 11.4572 10.6604 10.2808 10.0414 9.9066   13.6067 12.1911 11.4126 11.0387 10.8130 10.6969   14.3176 12.9307 12.1649 11.7952 11.5792 11.4769   14.5346 13.1657 12.4071 12.0410 11.8314 11.7333   14.7996 13.4646 12.7192 12.3610 12.1640 12.0715 
0.020   14.0417 12.5680 11.7403 11.3528 11.1030 10.9538   14.4283 12.9928 12.1804 11.7974 11.5569 11.4209   15.1162 13.7260 12.9328 12.5557 12.3271 12.2087   15.8252 14.4651 13.6852 13.3123 13.0923 12.9869   16.0418 14.6999 13.9273 13.5579 13.3438 13.2427   16.3065 14.9982 14.2390 13.8773 13.6752 13.5801 
0.030   14.9857 13.4836 12.6349 12.2465 11.9926 11.8507   15.3706 13.9075 13.0749 12.6912 12.4455 12.3157   16.0564 14.6397 13.8271 13.4495 13.2145 13.1007   16.7641 15.3781 14.5794 14.2062 13.9789 13.8768   16.9798 15.6124 14.8212 14.4516 14.2299 14.1320   17.2427 15.9098 15.1325 14.7701 14.5603 14.4685 
0.040   15.6023 14.1479 13.2735 12.8854 12.6280 12.4928   15.9915 14.5710 13.7135 13.3303 13.0801 12.9559   16.6824 15.3021 14.4658 14.0888 13.8479 13.7382   17.3933 16.0398 15.2181 14.8457 14.6115 14.5125   17.6111 16.2736 15.4597 15.0907 14.8620 14.7670   17.8780 16.5701 15.7703 15.4086 15.1912 15.1028 
0.050   16.0826 14.6674 13.7706 13.3825 13.1240 12.9946   16.4727 15.0899 14.2106 13.8275 13.5752 13.4558   17.1644 15.8202 14.9629 14.5862 14.3418 14.2356   17.8760 16.5574 15.7153 15.3432 15.1044 15.0079   18.0940 16.7907 15.9566 15.5880 15.3544 15.2619   18.3612 17.0862 16.2667 15.9051 15.6826 15.5967 
0.060   16.5130 15.0875 14.1812 13.7909 13.5317 13.4093   16.9024 15.5099 14.6213 14.2360 13.9820 13.8687   17.5934 16.2401 15.3737 14.9948 14.7476 14.6462   18.3045 16.9771 16.1261 15.7519 15.5095 15.4167   18.5226 17.2102 16.3672 15.9965 15.7589 15.6701   18.7903 17.5051 16.6766 16.3130 16.0860 16.0040 
0.070   16.8252 15.4536 14.5285 14.1389 13.8769 13.7598   17.2176 15.8757 14.9687 14.5840 14.3267 14.2175   17.9120 16.6056 15.7213 15.3427 15.0915 14.9929   18.6253 17.3424 16.4738 16.0997 15.8529 15.7619   18.8445 17.5751 16.7147 16.3441 16.1018 16.0147   19.1140 17.8693 17.0236 16.6602 16.4278 16.3476 
0.080   17.1607 15.7759 14.8338 14.4431 14.1756 14.0610   17.5527 16.1975 15.2741 14.8881 14.6252 14.5179   18.2467 16.9268 16.0268 15.6468 15.3898 15.2921   18.9597 17.6632 16.7795 16.4037 16.1510 16.0602   19.1786 17.8954 17.0202 16.6478 16.3995 16.3124   19.4474 18.1885 17.3286 16.9632 16.7244 16.6442 
0.090   17.4899 16.0668 15.1063 14.7107 14.4366 14.3253   17.8800 16.4879 15.5465 15.1556 14.8862 14.7816   18.5717 17.2165 16.2991 15.9142 15.6508 15.5551   19.2831 17.9525 17.0517 16.6711 16.4119 16.3227   19.5008 18.1842 17.2922 16.9150 16.6601 16.5744   19.7672 18.4763 17.6001 17.2298 16.9841 16.9051 
0.100   17.7414 16.3270 15.3502 14.9489 14.6738 14.5667   18.1312 16.7478 15.7904 15.3939 15.1235 15.0224   18.8227 17.4762 16.5429 16.1525 15.8884 15.7951   19.5341 18.2119 17.2954 16.9095 16.6497 16.5621   19.7517 18.4432 17.5358 17.1532 16.8974 16.8131   20.0181 18.7344 17.8434 17.4677 17.2203 17.1424 
0.110   17.9823 16.5737 15.5750 15.1666 14.8879 14.7862   18.3721 16.9938 16.0150 15.6115 15.3378 15.2409   19.0636 17.7211 16.7672 16.3699 16.1028 16.0122   19.7749 18.4562 17.5196 17.1267 16.8643 16.7782   19.9926 18.6871 17.7598 17.3702 17.1117 17.0285   20.2590 18.9773 18.0670 17.6844 17.4336 17.3564 
0.120   18.2050 16.8022 15.7815 15.3662 15.0839 14.9874   18.5948 17.2215 16.2213 15.8108 15.5339 15.4411   19.2862 17.9479 16.9734 16.5690 16.2991 16.2110   19.9975 18.6823 17.7256 17.3256 17.0607 16.9761   20.2152 18.9127 17.9656 17.5691 17.3078 17.2257   20.4818 19.2020 18.2724 17.8828 17.6288 17.5522 
0.130   18.4042 17.0172 15.9708 15.5532 15.2643 15.1697   18.7947 17.4355 16.4105 15.9976 15.7144 15.6226   19.4868 18.1608 17.1624 16.7555 16.4797 16.3915   20.1987 18.8946 17.9145 17.5118 17.2414 17.1558   20.4167 19.1244 18.1543 17.7551 17.4881 17.4049   20.6839 19.4127 18.4607 18.0684 17.8083 17.7302 
0.140   18.5823 17.2207 16.1450 15.7298 15.4316 15.3353   18.9741 17.6381 16.5846 16.1739 15.8816 15.7876   19.6678 18.3623 17.3364 16.9314 16.6468 16.5557   20.3806 19.0952 18.0884 17.6875 17.4085 17.3195   20.5993 19.3245 18.3281 17.9305 17.6549 17.5682   20.8677 19.6117 18.6342 18.2433 17.9744 17.8929 
0.150   18.7491 17.4130 16.3080 15.8952 15.5875 15.4896   19.1422 17.8294 16.7475 16.3390 16.0375 15.9413   19.8374 18.5524 17.4991 17.0961 16.8027 16.7087   20.5511 19.2845 18.2510 17.8519 17.5643 17.4719   20.7705 19.5132 18.4906 18.0946 17.8104 17.7203   21.0402 19.7994 18.7964 18.4068 18.1291 18.0442 
0.160   18.9312 17.5960 16.4626 16.0465 15.7343 15.6329   19.3242 18.0116 16.9019 16.4903 16.1842 16.0843   20.0194 18.7336 17.6533 17.2474 16.9493 16.8511   20.7332 19.4651 18.4051 18.0032 17.7108 17.6139   20.9526 19.6934 18.6445 18.2457 17.9566 17.8620   21.2223 19.9788 18.9499 18.5576 18.2749 18.1853 
0.170   19.1046 17.7702 16.6085 16.1891 15.8725 15.7676   19.4976 18.1851 17.0477 16.6329 16.3223 16.2185   20.1928 18.9062 17.7989 17.3900 17.0872 16.9849   20.9065 19.6370 18.5506 18.1458 17.8486 17.7473   21.1259 19.8650 18.7898 18.3882 18.0942 17.9951   21.3958 20.1496 19.0948 18.6998 18.4119 18.3177 
0.180   19.2650 17.9390 16.7478 16.3223 16.0057 15.8955   19.6577 18.3530 17.1867 16.7662 16.4553 16.3461   20.3525 19.0730 17.9377 17.5235 17.2200 17.1121   21.0660 19.8031 18.6892 18.2795 17.9812 17.8743   21.2854 20.0305 18.9281 18.5217 18.2266 18.1218   21.5554 20.3142 19.2326 18.8329 18.5436 18.4438 
0.190   19.4132 18.1032 16.8812 16.4468 16.1348 16.0174   19.8053 18.5161 17.3199 16.8910 16.5842 16.4679   20.4995 19.2348 18.0705 17.6487 17.3485 17.2338   21.2125 19.9640 18.8217 18.4049 18.1095 17.9959   21.4319 20.1910 19.0604 18.6471 18.3545 18.2430   21.7019 20.4736 19.3643 18.9578 18.6708 18.5642 
0.200   19.5553 18.2612 17.0085 16.5652 16.2577 16.1331   19.9468 18.6730 17.4469 17.0097 16.7068 16.5835   20.6402 19.3904 18.1972 17.7677 17.4708 17.3492   21.3528 20.1188 18.9481 18.5242 18.2316 18.1112   21.5722 20.3452 19.1865 18.7662 18.4763 18.3580   21.8423 20.6269 19.4898 19.0766 18.7918 18.6784 
0.210   19.7267 18.4166 17.1298 16.6785 16.3738 16.2464   20.1165 18.8272 17.5680 17.1232 16.8227 16.6968   20.8080 19.5431 18.3179 17.8814 17.5865 17.4625   21.5193 20.2705 19.0687 18.6380 18.3471 18.2245   21.7379 20.4963 19.3068 18.8799 18.5915 18.4709   22.0064 20.7768 19.6093 19.1897 18.9063 18.7903 
0.220   19.8930 18.5668 17.2460 16.7868 16.4848 16.3546   20.2811 18.9763 17.6839 17.2316 16.9336 16.8050   20.9707 19.6907 18.4336 17.9900 17.6971 17.5707   21.6808 20.4171 19.1842 18.7467 18.4576 18.3327   21.8985 20.6423 19.4220 18.9884 18.7016 18.5787   22.1654 20.9216 19.7237 19.2977 19.0156 18.8970 
0.230   20.0425 18.7093 17.3583 16.8911 16.5921 16.4589   20.4294 19.1175 17.7960 17.3360 17.0407 16.9095   21.1175 19.8306 18.5454 18.0945 17.8042 17.6755   21.8266 20.5561 19.2957 18.8512 18.5645 18.4376   22.0437 20.7806 19.5331 19.0926 18.8082 18.6832   22.3093 21.0587 19.8341 19.4013 19.1213 19.0004 
0.240   20.1755 18.8442 17.4671 16.9918 16.6961 16.5597   20.5616 19.2514 17.9046 17.4366 17.1447 17.0107   21.2488 19.9632 18.6536 18.1951 17.9080 17.7771   21.9574 20.6878 19.4037 18.9519 18.6682 18.5397   22.1738 20.9117 19.6407 19.1930 18.9115 18.7847   22.4384 21.1887 19.9408 19.5008 19.2238 19.1006 
0.250   20.3046 18.9751 17.5720 17.0886 16.7962 16.6565   20.6899 19.3813 18.0092 17.5334 17.2447 17.1079   21.3761 20.0918 18.7579 18.2919 18.0078 17.8749   22.0841 20.8156 19.5078 19.0487 18.7680 18.6378   22.3001 21.0389 19.7444 19.2894 19.0110 18.8824   22.5636 21.3147 20.0436 19.5963 19.3223 19.1969 
0.260   20.4347 19.0996 17.6724 17.1829 16.8902 16.7431   20.8183 19.5045 18.1094 17.6277 17.3385 17.1949   21.5026 20.2137 18.8577 18.3862 18.1015 17.9624   22.2094 20.9365 19.6073 19.1429 18.8615 18.7256   22.4246 21.1592 19.8436 19.3832 19.1041 18.9699   22.6866 21.4338 20.1421 19.6892 19.4148 19.2836 
0.270   20.5614 19.2207 17.7695 17.2738 16.9808 16.8263   20.9433 19.6244 18.2062 17.7186 17.4290 17.2785   21.6257 20.3321 18.9542 18.4771 18.1917 18.0465   22.3313 21.0541 19.7035 19.2338 18.9515 18.8101   22.5457 21.2762 19.9395 19.4737 19.1939 19.0541   22.8062 21.5496 20.2372 19.7787 19.5039 19.3669 
0.280   20.6934 19.3394 17.8651 17.3616 17.0670 16.9078   21.0736 19.7420 18.3014 17.8064 17.5150 17.3602   21.7540 20.4485 19.0490 18.5648 18.2775 18.1284   22.4584 21.1696 19.7980 19.3215 19.0372 18.8921   22.6719 21.3911 20.0337 19.5611 19.2793 19.1359   22.9309 21.6633 20.3307 19.8653 19.5888 19.4480 
0.290   20.8309 19.4560 17.9594 17.4464 17.1489 16.9878   21.2093 19.8577 18.3953 17.8912 17.5967 17.4401   21.8877 20.5629 19.1423 18.6496 18.3590 18.2083   22.5908 21.2832 19.8910 19.4063 19.1185 18.9720   22.8034 21.5041 20.1263 19.6457 19.3605 19.2155   23.0607 21.7754 20.4228 19.9494 19.6697 19.5270 
0.300   20.9657 19.5699 18.0509 17.5285 17.2280 17.0651   21.3423 19.9705 18.4864 17.9732 17.6757 17.5174   22.0187 20.6746 19.2329 18.7316 18.4378 18.2854   22.7205 21.3941 19.9813 19.4883 19.1972 19.0491   22.9322 21.6145 20.2163 19.7275 19.4390 19.2924   23.1878 21.8847 20.5122 20.0306 19.7478 19.6032 
0.310   21.0983 19.6821 18.1410 17.6098 17.3082 17.1485   21.4741 20.0821 18.5760 18.0544 17.7555 17.5999   22.1496 20.7855 19.3220 18.8125 18.5170 18.3669   22.8507 21.5045 20.0700 19.5691 19.2760 19.1298   23.0620 21.7246 20.3048 19.8081 19.5177 19.3728   23.3166 21.9944 20.6003 20.1110 19.8262 19.6832 
0.320   21.2285 19.7919 18.2286 17.6887 17.3860 17.2295   21.6034 20.1913 18.6632 18.1331 17.8329 17.6801   22.2780 20.8939 19.4087 18.8910 18.5939 18.4460   22.9786 21.6125 20.1563 19.6474 19.3525 19.2081   23.1893 21.8324 20.3909 19.8863 19.5940 19.4508   23.4430 22.1017 20.6861 20.1890 19.9022 19.7608 
0.330   21.3594 19.9010 18.3147 17.7653 17.4618 17.3087   21.7333 20.2995 18.7487 18.2094 17.9081 17.7584   22.4068 21.0011 19.4935 18.9670 18.6686 18.5231   23.1068 21.7191 20.2406 19.7232 19.4267 19.2843   23.3170 21.9386 20.4750 19.9620 19.6681 19.5268   23.5697 22.2073 20.7699 20.2645 19.9761 19.8365 
0.340   21.4909 20.0094 18.3994 17.8396 17.5357 17.3863   21.8638 20.4069 18.8327 18.2835 17.9815 17.8350   22.5362 21.1072 19.5765 19.0407 18.7412 18.5984   23.2354 21.8243 20.3229 19.7966 19.4988 19.3587   23.4451 22.0434 20.5572 20.0354 19.7400 19.6009   23.6968 22.3115 20.8518 20.3378 20.0480 19.9105 
0.350   21.6204 20.1158 18.4820 17.9119 17.6076 17.4619   21.9923 20.5122 18.9146 18.3555 18.0528 17.9095   22.6635 21.2112 19.6575 19.1123 18.8118 18.6716   23.3620 21.9275 20.4033 19.8680 19.5689 19.4310   23.5712 22.1462 20.6373 20.1067 19.8100 19.6730   23.8219 22.4136 20.9316 20.4090 20.1178 19.9824 
0.360   21.7836 20.2235 18.5605 17.9837 17.6766 17.5320   22.1526 20.6184 18.9923 18.4266 18.1214 17.9789   22.8206 21.3158 19.7341 19.1827 18.8797 18.7400   23.5171 22.0310 20.4792 19.9377 19.6365 19.4987   23.7248 22.2493 20.7131 20.1764 19.8776 19.7408   23.9725 22.5161 21.0072 20.4789 20.1854 20.0504 
0.370   21.9450 20.3295 18.6372 18.0536 17.7438 17.6003   22.3111 20.7229 19.0681 18.4959 18.1881 18.0465   22.9759 21.4186 19.8089 19.2512 18.9459 18.8067   23.6704 22.1326 20.5533 20.0056 19.7022 19.5647   23.8765 22.3506 20.7870 20.2443 19.9433 19.8067   24.1214 22.6168 21.0810 20.5470 20.2512 20.1166 
0.380   22.0908 20.4195 18.7106 18.1211 17.8065 17.6663   22.4545 20.8119 19.1407 18.5627 18.2504 18.1116   23.1166 21.5064 19.8805 19.3171 19.0077 18.8708   23.8094 22.2197 20.6242 20.0709 19.7636 19.6281   24.0144 22.4374 20.8578 20.3096 20.0047 19.8703   24.2570 22.7035 21.1517 20.6127 20.3130 20.1807 
0.390   22.2210 20.4938 18.7808 18.1864 17.8647 17.7299   22.5827 20.8856 19.2101 18.6272 18.3083 18.1745   23.2426 21.5793 19.9489 19.3805 19.0651 18.9326   23.9341 22.2921 20.6919 20.1336 19.8207 19.6891   24.1383 22.5099 20.9254 20.3724 20.0620 19.9315   24.3795 22.7763 21.2195 20.6760 20.3708 20.2428 
0.400   22.3497 20.5665 18.8495 18.2501 17.9215 17.7920   22.7093 20.9577 19.2780 18.6901 18.3646 18.2357   23.3671 21.6507 20.0158 19.4423 19.1209 18.9928   24.0573 22.3630 20.7581 20.1947 19.8761 19.7485   24.2606 22.5808 20.9915 20.4336 20.1176 19.9912   24.5004 22.8474 21.2857 20.7378 20.4271 20.3034 
0.410   22.4261 20.6421 18.9212 18.3147 17.9776 17.8505   22.7857 21.0331 19.3487 18.7535 18.4200 18.2933   23.4434 21.7260 20.0851 19.5044 19.1755 19.0491   24.1335 22.4383 20.8265 20.2557 19.9301 19.8040   24.3370 22.6564 21.0599 20.4948 20.1718 20.0470   24.5773 22.9235 21.3542 20.7996 20.4821 20.3601 
0.420   22.5011 20.7162 18.9915 18.3778 18.0323 17.9075   22.8606 21.1072 19.4179 18.8156 18.4741 18.3494   23.5182 21.8000 20.1531 19.5650 19.2286 19.1041   24.2082 22.5122 20.8935 20.3154 19.9826 19.8581   24.4120 22.7304 21.1268 20.5546 20.2246 20.1013   24.6529 22.9981 21.4212 20.8600 20.5357 20.4154 
0.430   22.5621 20.7876 19.0640 18.4383 18.0870 17.9627   22.9213 21.1786 19.4894 18.8751 18.5281 18.4037   23.5785 21.8713 20.2233 19.6234 19.2818 19.1574   24.2684 22.5834 20.9629 20.3729 20.0352 19.9107   24.4724 22.8019 21.1961 20.6122 20.2774 20.1541   24.7138 23.0702 21.4905 20.9182 20.5891 20.4690 
0.440   22.6092 20.8565 19.1387 18.4960 18.1418 18.0159   22.9679 21.2474 19.5632 18.9321 18.5822 18.4563   23.6245 21.9400 20.2960 19.6795 19.3351 19.2091   24.3140 22.6521 21.0348 20.4284 20.0878 19.9619   24.5182 22.8709 21.2679 20.6678 20.3301 20.2055   24.7600 23.1398 21.5622 20.9743 20.6424 20.5210 
0.450   22.6551 20.9241 19.2123 18.5524 18.1954 18.0679   23.0132 21.3149 19.6358 18.9879 18.6351 18.5077   23.6693 22.0075 20.3674 19.7344 19.3871 19.2597   24.3584 22.7196 21.1055 20.4827 20.1392 20.0118   24.5627 22.9386 21.3384 20.7222 20.3816 20.2556   24.8050 23.2081 21.6327 21.0292 20.6944 20.5717 
0.460   22.7241 20.9943 19.2870 18.6087 18.2452 18.1173   23.0821 21.3848 19.7095 19.0438 18.6847 18.5568   23.7380 22.0771 20.4399 19.7897 19.4363 19.3083   24.4271 22.7889 21.1771 20.5376 20.1882 20.0602   24.6313 23.0080 21.4098 20.7771 20.4307 20.3040   24.8734 23.2776 21.7037 21.0842 20.7437 20.6205 
0.470   22.7920 21.0634 19.3605 18.6639 18.2939 18.1656   23.1498 21.4536 19.7821 19.0985 18.7331 18.6047   23.8056 22.1455 20.5113 19.8438 19.4844 19.3558   24.4946 22.8571 21.2476 20.5913 20.2360 20.1074   24.6987 23.0762 21.4800 20.8308 20.4786 20.3513   24.9407 23.3460 21.7736 21.1380 20.7919 20.6682 
0.480   22.8899 21.1365 19.4344 18.7190 18.3425 18.2128   23.2473 21.5261 19.8551 19.1532 18.7816 18.6517   23.9026 22.2172 20.5831 19.8980 19.5326 19.4026   24.5912 22.9284 21.3186 20.6451 20.2841 20.1541   24.7948 23.1473 21.5507 20.8846 20.5267 20.3981   25.0356 23.4169 21.8439 21.1919 20.8403 20.7152 
0.490   23.0178 21.2137 19.5088 18.7742 18.3911 18.2588   23.3745 21.6023 19.9285 19.2079 18.8301 18.6978   24.0289 22.2924 20.6554 19.9522 19.5811 19.4488   24.7171 23.0029 21.3902 20.6990 20.3326 20.2003   24.9196 23.2214 21.6219 20.9384 20.5752 20.4443   25.1580 23.4903 21.9144 21.2457 20.8888 20.7615 
0.500   23.1448 21.2900 19.5822 18.8283 18.4387 18.3038   23.5006 21.6776 20.0010 19.2616 18.8777 18.7428   24.1542 22.3666 20.7267 20.0054 19.6286 19.4939   24.8419 23.0763 21.4607 20.7518 20.3800 20.2454   25.0433 23.2945 21.6921 20.9912 20.6227 20.4895   25.2794 23.5627 21.9840 21.2986 20.9363 20.8067 
0.510   23.2791 21.3626 19.6554 18.8787 18.4860 18.3519   23.6332 21.7496 20.0734 19.3119 18.9250 18.7911   24.2850 22.4379 20.7983 20.0556 19.6759 19.5423   24.9716 23.1472 21.5317 20.8019 20.4274 20.2940   25.1711 23.3652 21.7628 21.0413 20.6700 20.5380   25.4035 23.6331 22.0540 21.3487 20.9837 20.8550 
0.520   23.4125 21.4342 19.7277 18.9283 18.5323 18.3990   23.7649 21.8207 20.1450 19.3613 18.9713 18.8384   24.4149 22.5083 20.8690 20.1049 19.7223 19.5898   25.1003 23.2172 21.6018 20.8511 20.4738 20.3416   25.2981 23.4350 21.8325 21.0905 20.7165 20.5856   25.5266 23.7025 22.1232 21.3978 21.0301 20.9023 
0.530   23.5078 21.5031 19.7978 18.9779 18.5784 18.4447   23.8589 21.8892 20.2144 19.4109 19.0175 18.8842   24.5076 22.5764 20.9376 20.1542 19.7686 19.6359   25.1922 23.2850 21.6699 20.9003 20.5201 20.3879   25.3887 23.5027 21.9004 21.1397 20.7627 20.6318   25.6148 23.7700 22.1905 21.4469 21.0764 20.9483 
0.540   23.5651 21.5690 19.8657 19.0277 18.6242 18.4889   23.9154 21.9551 20.2818 19.4605 19.0634 18.9287   24.5631 22.6422 21.0043 20.2037 19.8147 19.6807   25.2471 23.3507 21.7361 20.9497 20.5663 20.4328   25.4431 23.5683 21.9663 21.1889 20.8089 20.6767   25.6682 23.8355 22.2560 21.4959 21.1225 20.9931 
0.550   23.6216 21.6342 19.9328 19.0766 18.6692 18.5323   23.9710 22.0201 20.3483 19.5093 19.1085 18.9723   24.6177 22.7072 21.0701 20.2524 19.8599 19.7245   25.3012 23.4156 21.8014 20.9983 20.6117 20.4769   25.4967 23.6332 22.0314 21.2373 20.8543 20.7207   25.7208 23.9002 22.3207 21.5441 21.1678 21.0370 
0.560   23.6833 21.7043 20.0026 19.1234 18.7149 18.5728   24.0322 22.0900 20.4172 19.5561 19.1543 19.0133   24.6783 22.7766 21.1380 20.2990 19.9058 19.7661   25.3614 23.4849 21.8686 21.0449 20.6577 20.5189   25.5560 23.7022 22.0983 21.2839 20.9002 20.7626   25.7782 23.9689 22.3870 21.5906 21.2136 21.0787 
0.570   23.7443 21.7737 20.0716 19.1694 18.7598 18.6126   24.0926 22.1590 20.4854 19.6020 19.1993 19.0535   24.7381 22.8453 21.2051 20.3449 19.9510 19.8069   25.4208 23.5534 21.9351 21.0907 20.7029 20.5601   25.6145 23.7705 22.1644 21.3297 20.9454 20.8038   25.8349 24.0369 22.4525 21.6362 21.2585 21.1196 
0.580   23.7884 21.8420 20.1410 19.2165 18.8030 18.6518   24.1362 22.2270 20.5540 19.6491 19.2427 19.0931   24.7812 22.9129 21.2727 20.3919 19.9946 19.8470   25.4637 23.6207 22.0020 21.1376 20.7467 20.6006   25.6568 23.8377 22.2308 21.3764 20.9891 20.8443   25.8760 24.1038 22.5181 21.6825 21.3019 21.1597 
0.590   23.8156 21.9092 20.2109 19.2648 18.8446 18.6905   24.1631 22.2939 20.6230 19.6972 19.2845 19.1322   24.8078 22.9794 21.3407 20.4400 20.0367 19.8866   25.4900 23.6870 22.0693 21.1856 20.7890 20.6405   25.6829 23.9038 22.2976 21.4241 21.0313 20.8841   25.9016 24.1695 22.5839 21.7296 21.3437 21.1991 
0.600   23.8422 21.9757 20.2801 19.3123 18.8854 18.7285   24.1893 22.3601 20.6913 19.7447 19.3256 19.1705   24.8336 23.0453 21.4081 20.4873 20.0781 19.9255   25.5156 23.7526 22.1360 21.2329 20.8307 20.6797   25.7083 23.9692 22.3638 21.4711 21.0728 20.9232   25.9265 24.2345 22.6490 21.7759 21.3848 21.2378 
0.610   23.8881 22.0445 20.3462 19.3601 18.9283 18.7686   24.2362 22.4283 20.7567 19.7925 19.3688 19.2110   24.8816 23.1130 21.4725 20.5352 20.1217 19.9663   25.5643 23.8200 22.1998 21.2808 20.8745 20.7209   25.7568 24.0362 22.4271 21.5188 21.1163 20.9641   25.9743 24.3006 22.7113 21.8228 21.4276 21.2781 
0.620   23.9333 22.1126 20.4116 19.4072 18.9706 18.8081   24.2825 22.4960 20.8214 19.8397 19.4113 19.2508   24.9290 23.1801 21.5363 20.5824 20.1646 20.0065   25.6123 23.8867 22.2630 21.3281 20.9176 20.7613   25.8046 24.1025 22.4897 21.5657 21.1592 21.0043   26.0215 24.3659 22.7729 21.8690 21.4697 21.3177 
0.630   23.9855 22.1819 20.4757 19.4537 19.0143 18.8456   24.3358 22.5647 20.8847 19.8862 19.4553 19.2887   24.9834 23.2481 21.5987 20.6291 20.2088 20.0450   25.6675 23.9542 22.3248 21.3749 20.9621 20.8003   25.8593 24.1695 22.5510 21.6123 21.2034 21.0430   26.0751 24.4320 22.8330 21.9147 21.5130 21.3556 
0.640   24.0447 22.2525 20.5383 19.4995 19.0596 18.8811   24.3961 22.6345 20.9466 19.9323 19.5007 19.3248   25.0450 23.3170 21.6598 20.6754 20.2545 20.0819   25.7298 24.0226 22.3853 21.4214 21.0079 20.8377   25.9210 24.2373 22.6110 21.6584 21.2488 21.0802   26.1351 24.4988 22.8918 21.9601 21.5575 21.3920 
0.650   24.1032 22.3225 20.6004 19.5448 19.1043 18.9160   24.4558 22.7037 21.0080 19.9777 19.5456 19.3603   25.1059 23.3853 21.7203 20.7211 20.2995 20.1182   25.7914 24.0903 22.4452 21.4672 21.0530 20.8745   25.9820 24.3046 22.6703 21.7039 21.2936 21.1168   26.1945 24.5650 22.9499 22.0048 21.6014 21.4276 
0.660   24.1180 22.4004 20.6560 19.5889 19.1464 18.9535   24.4695 22.7806 21.0634 20.0225 19.5885 19.3989   25.1184 23.4610 21.7755 20.7666 20.3434 20.1582   25.8032 24.1653 22.5004 21.5133 21.0976 20.9155   25.9938 24.3787 22.7249 21.7495 21.3378 21.1572   26.2067 24.6375 23.0033 22.0490 21.6442 21.4666 
0.670   24.1322 22.4778 20.7111 19.6324 19.1879 18.9905   24.4826 22.8569 21.1183 20.0666 19.6308 19.4370   25.1303 23.5362 21.8302 20.8116 20.3867 20.1976   25.8144 24.2397 22.5549 21.5588 21.1416 20.9559   26.0051 24.4523 22.7790 21.7945 21.3813 21.1971   26.2183 24.7093 23.0562 22.0925 21.6863 21.5049 
0.680   24.1463 22.5518 20.7682 19.6769 19.2282 19.0280   24.4956 22.9299 21.1754 20.1116 19.6719 19.4753   25.1423 23.6081 21.8872 20.8571 20.4287 20.2371   25.8257 24.3110 22.6118 21.6048 21.1844 20.9963   26.0165 24.5228 22.8353 21.8400 21.4236 21.2370   26.2303 24.7782 23.1113 22.1364 21.7273 21.5433 
0.690   24.1605 22.6224 20.8275 19.7222 19.2673 19.0659   24.5087 22.9997 21.2346 20.1573 19.7117 19.5140   25.1542 23.6769 21.9464 20.9032 20.4696 20.2768   25.8369 24.3792 22.6710 21.6512 21.2259 21.0367   26.0280 24.5902 22.8940 21.8858 21.4647 21.2770   26.2426 24.8441 23.1687 22.1807 21.7670 21.5817 
0.700   24.1740 22.6925 20.8862 19.7671 19.3059 19.1032   24.5212 23.0689 21.2933 20.2024 19.7510 19.5522   25.1656 23.7451 22.0050 20.9488 20.5099 20.3160   25.8477 24.4468 22.7296 21.6971 21.2669 21.0766   26.0391 24.6571 22.9521 21.9311 21.5053 21.3164   26.2544 24.9095 23.2256 22.2245 21.8063 21.6196 
0.710   24.1925 22.7564 20.9418 19.8093 19.3437 19.1390   24.5392 23.1321 21.3490 20.2449 19.7894 19.5887   25.1831 23.8074 22.0609 20.9916 20.5490 20.3534   25.8648 24.5085 22.7856 21.7401 21.3065 21.1148   26.0566 24.7182 23.0078 21.9737 21.5445 21.3542   26.2728 24.9693 23.2807 22.2659 21.8444 21.6563 
0.720   24.2104 22.8199 20.9969 19.8510 19.3811 19.1742   24.5566 23.1947 21.4043 20.2869 19.8273 19.6247   25.2000 23.8692 22.1164 21.0339 20.5876 20.3904   25.8815 24.5698 22.8412 21.7826 21.3457 21.1524   26.0736 24.7788 23.0631 22.0157 21.5833 21.3915   26.2907 25.0287 23.3353 22.3067 21.8820 21.6924 
0.730   24.2391 22.8851 21.0512 19.8934 19.4174 19.2091   24.5852 23.2589 21.4586 20.3294 19.8641 19.6601   25.2285 23.9323 22.1707 21.0764 20.6249 20.4266   25.9098 24.6321 22.8956 21.8252 21.3834 21.1892   26.1020 24.8405 23.1173 22.0579 21.6207 21.4279   26.3194 25.0889 23.3888 22.3478 21.9185 21.7278 
0.740   24.2787 22.9523 21.1046 19.9366 19.4526 19.2436   24.6250 23.3248 21.5120 20.3723 19.8997 19.6951   25.2685 23.9967 22.2241 21.1192 20.6609 20.4621   25.9500 24.6956 22.9489 21.8678 21.4198 21.2251   26.1420 24.9032 23.1703 22.1001 21.6568 21.4635   26.3590 25.1501 23.4412 22.3891 21.9539 21.7625 
0.750   24.3179 23.0189 21.1576 19.9792 19.4874 19.2777   24.6644 23.3902 21.5650 20.4148 19.9348 19.7296   25.3080 24.0606 22.2770 21.1615 20.6965 20.4971   25.9896 24.7586 23.0018 21.9100 21.4556 21.2605   26.1815 24.9654 23.2229 22.1419 21.6924 21.4986   26.3981 25.2108 23.4931 22.4300 21.9888 21.7968 
0.760   24.3502 23.0893 21.2158 20.0191 19.5172 19.3098   24.6969 23.4589 21.6230 20.4543 19.9647 19.7619   25.3408 24.1276 22.3348 21.2006 20.7267 20.5297   26.0226 24.8246 23.0594 21.9487 21.4859 21.2932   26.2145 25.0305 23.2802 22.1804 21.7227 21.5312   26.4311 25.2741 23.5498 22.4680 22.0189 21.8292 
0.770   24.3820 23.1592 21.2736 20.0585 19.5465 19.3415   24.7290 23.5273 21.6805 20.4934 19.9942 19.7937   25.3732 24.1942 22.3921 21.2392 20.7564 20.5618   26.0551 24.8901 23.1165 21.9870 21.5158 21.3254   26.2470 25.0951 23.3371 22.2184 21.7525 21.5634   26.4636 25.3369 23.6060 22.5055 22.0486 21.8611 
0.780   24.4183 23.2287 21.3290 20.1027 19.5753 19.3721   24.7657 23.5953 21.7357 20.5372 20.0232 19.8245   25.4103 24.2607 22.4470 21.2825 20.7855 20.5927   26.0925 24.9555 23.1712 22.0300 21.5450 21.3566   26.2842 25.1595 23.3915 22.2611 21.7816 21.5945   26.5003 25.3995 23.6599 22.5475 22.0775 21.8920 
0.790   24.4591 23.2978 21.3821 20.1516 19.6036 19.4017   24.8070 23.6631 21.7885 20.5857 20.0515 19.8542   25.4521 24.3269 22.4994 21.3305 20.8139 20.6227   26.1346 25.0208 23.2235 22.0776 21.5735 21.3866   26.3259 25.2239 23.4435 22.3083 21.8101 21.6245   26.5411 25.4619 23.7113 22.5939 22.1058 21.9218 
0.800   24.4994 23.3665 21.4347 20.2001 19.6315 19.4309   24.8478 23.7304 21.8409 20.6338 20.0795 19.8835   25.4935 24.3927 22.5515 21.3780 20.8420 20.6521   26.1763 25.0857 23.2753 22.1248 21.6017 21.4162   26.3673 25.2878 23.4951 22.3551 21.8382 21.6540   26.5815 25.5240 23.7623 22.6399 22.1336 21.9512 
0.810   24.5417 23.4341 21.4696 20.2469 19.6604 19.4629   24.8910 23.7965 21.8761 20.6801 20.1083 19.9154   25.5376 24.4573 22.5872 21.4238 20.8707 20.6839   26.2210 25.1494 23.3113 22.1701 21.6303 21.4478   26.4114 25.3505 23.5310 22.4001 21.8666 21.6855   26.6243 25.5846 23.7982 22.6842 22.1616 21.9822 
0.820   24.5836 23.5012 21.5041 20.2933 19.6888 19.4945   24.9337 23.8623 21.9110 20.7261 20.1367 19.9469   25.5813 24.5215 22.6224 21.4692 20.8989 20.7152   26.2653 25.2126 23.3469 22.2151 21.6585 21.4791   26.4552 25.4127 23.5666 22.4447 21.8946 21.7165   26.6667 25.6448 23.8336 22.7282 22.1893 22.0128 
0.830   24.6254 23.5680 21.5391 20.3398 19.7167 19.5271   24.9763 23.9275 21.9463 20.7719 20.1643 19.9792   25.6245 24.5852 22.6583 21.5142 20.9264 20.7471   26.3089 25.2753 23.3830 22.2597 21.6857 21.5106   26.4981 25.4743 23.6027 22.4889 21.9217 21.7479   26.7079 25.7043 23.8696 22.7718 22.2161 22.0439 
0.840   24.6672 23.6344 21.5745 20.3862 19.7439 19.5608   25.0186 23.9923 21.9822 20.8176 20.1912 20.0124   25.6673 24.6482 22.6946 21.5591 20.9529 20.7795   26.3520 25.3373 23.4197 22.3038 21.7120 21.5425   26.5402 25.5352 23.6394 22.5328 21.9479 21.7797   26.7478 25.7629 23.9063 22.8150 22.2420 22.0757 
0.850   24.7086 23.7004 21.6096 20.4323 19.7707 19.5942   25.0605 24.0568 22.0177 20.8630 20.2178 20.0452   25.7097 24.7109 22.7306 21.6035 20.9791 20.8116   26.3948 25.3989 23.4560 22.3476 21.7380 21.5741   26.5820 25.5957 23.6757 22.5762 21.9737 21.8112   26.7874 25.8212 23.9425 22.8578 22.2676 22.1071 
0.860   24.7523 23.7709 21.6414 20.4795 19.7987 19.6234   25.1045 24.1252 22.0500 20.9093 20.2454 20.0738   25.7541 24.7771 22.7636 21.6487 21.0063 20.8396   26.4393 25.4637 23.4894 22.3921 21.7647 21.6016   26.6254 25.6591 23.7092 22.6204 22.0003 21.8386   26.8281 25.8821 23.9760 22.9014 22.2939 22.1346 
0.870   24.7956 23.8411 21.6728 20.5264 19.8264 19.6522   25.1481 24.1933 22.0820 20.9553 20.2727 20.1022   25.7981 24.8429 22.7962 21.6936 21.0330 20.8672   26.4835 25.5282 23.5224 22.4363 21.7911 21.6287   26.6684 25.7222 23.7423 22.6641 22.0265 21.8657   26.8685 25.9425 24.0091 22.9445 22.3198 22.1617 
0.880   24.8389 23.9119 21.7056 20.5731 19.8529 19.6800   25.1918 24.2617 22.1152 21.0011 20.2988 20.1293   25.8422 24.9088 22.8299 21.7383 21.0585 20.8936   26.5279 25.5925 23.5565 22.4802 21.8162 21.6546   26.7116 25.7851 23.7764 22.7077 22.0515 21.8915   26.9092 26.0026 24.0433 22.9876 22.3446 22.1876 
0.890   24.8822 23.9833 21.7400 20.6196 19.8784 19.7066   25.2355 24.3304 22.1498 21.0467 20.3237 20.1553   25.8864 24.9747 22.8648 21.7828 21.0827 20.9187   26.5724 25.6567 23.5915 22.5238 21.8399 21.6790   26.7551 25.8478 23.8115 22.7511 22.0751 21.9160   26.9504 26.0624 24.0784 23.0305 22.3684 22.2123 
0.900   24.9252 24.0544 21.7740 20.6658 19.9035 19.7328   25.2789 24.3988 22.1841 21.0920 20.3482 20.1809   25.9303 25.0403 22.8993 21.8269 21.1066 20.9434   26.6166 25.7206 23.6262 22.5671 21.8633 21.7031   26.7982 25.9101 23.8462 22.7941 22.0985 21.9401   26.9911 26.1218 24.1132 23.0731 22.3918 22.2366 
0.910   24.9722 24.0971 21.8047 20.7061 19.9272 19.7546   25.3275 24.4409 22.2148 21.1314 20.3714 20.2020   25.9805 25.0816 22.9301 21.8653 21.1289 20.9637   26.6678 25.7615 23.6570 22.6048 21.8850 21.7228   26.8486 25.9504 23.8771 22.8316 22.1202 21.9598   27.0393 26.1609 24.1442 23.1104 22.4137 22.2567 
0.920   25.0189 24.1396 21.8352 20.7460 19.9507 19.7761   25.3758 24.4826 22.2453 21.1706 20.3942 20.2228   26.0304 25.1226 22.9605 21.9034 21.1508 20.9836   26.7188 25.8021 23.6875 22.6422 21.9064 21.7421   26.8986 25.9903 23.9076 22.8688 22.1416 21.9792   27.0871 26.1996 24.1748 23.1475 22.4353 22.2765 
0.930   25.0529 24.1784 21.8684 20.7862 19.9751 19.7964   25.4117 24.5211 22.2783 21.2099 20.4179 20.2425   26.0684 25.1607 22.9932 21.9417 21.1737 21.0025   26.7580 25.8399 23.7200 22.6799 21.9286 21.7604   26.9378 26.0277 23.9402 22.9063 22.1638 21.9975   27.1258 26.2360 24.2074 23.1849 22.4578 22.2952 
0.940   25.0742 24.2135 21.9044 20.8267 20.0003 19.8156   25.4353 24.5562 22.3138 21.2496 20.4425 20.2610   26.0945 25.1958 23.0282 21.9804 21.1974 21.0202   26.7857 25.8751 23.7547 22.7178 21.9516 21.7775   26.9662 26.0625 23.9747 22.9442 22.1869 22.0148   27.1554 26.2701 24.2418 23.2229 22.4812 22.3130 
0.950   25.0952 24.2483 21.9400 20.8669 20.0253 19.8344   25.4586 24.5910 22.3490 21.2890 20.4668 20.2793   26.1203 25.2306 23.0629 22.0187 21.2207 21.0376   26.8130 25.9099 23.7890 22.7555 21.9744 21.7944   26.9943 26.0970 24.0089 22.9818 22.2097 22.0318   27.1847 26.3039 24.2759 23.2605 22.5043 22.3304 
0.960   25.1016 24.2564 21.9744 20.9047 20.0513 19.8512   25.4671 24.6000 22.3828 21.3257 20.4917 20.2951   26.1313 25.2405 23.0960 22.0540 21.2444 21.0523   26.8254 25.9203 23.8216 22.7898 21.9971 21.8083   27.0078 26.1078 24.0416 23.0161 22.2326 22.0459   27.2002 26.3152 24.3088 23.2949 22.5279 22.3455 
0.970   25.1077 24.2643 22.0085 20.9423 20.0770 19.8677   25.4754 24.6087 22.4163 21.3620 20.5164 20.3107   26.1419 25.2501 23.1289 22.0890 21.2678 21.0668   26.8375 25.9304 23.8540 22.8238 22.0196 21.8218   27.0211 26.1182 24.0740 23.0500 22.2552 22.0597   27.2154 26.3262 24.3413 23.3291 22.5512 22.3603 
0.980   25.1149 24.2780 22.0414 20.9778 20.1027 19.8831   25.4846 24.6231 22.4487 21.3965 20.5411 20.3252   26.1533 25.2653 23.1607 22.1221 21.2912 21.0801   26.8503 25.9460 23.8854 22.8561 22.0421 21.8343   27.0348 26.1341 24.1054 23.0822 22.2778 22.0725   27.2309 26.3425 24.3730 23.3615 22.5744 22.3740 
0.990   25.1234 24.2974 22.0731 21.0112 20.1284 19.8973   25.4948 24.6432 22.4800 21.4289 20.5657 20.3385   26.1655 25.2860 23.1914 22.1534 21.3146 21.0923   26.8636 25.9672 23.9159 22.8866 22.0645 21.8458   27.0491 26.1554 24.1359 23.1127 22.3004 22.0842   27.2468 26.3639 24.4038 23.3920 22.5977 22.3867 
1.000   25.1316 24.3166 22.1045 21.0443 20.1538 19.9112   25.5047 24.6630 22.5110 21.4611 20.5901 20.3515   26.1773 25.3065 23.2219 22.1845 21.3377 21.1042   26.8767 25.9881 23.9460 22.9169 22.0867 21.8569   27.0631 26.1764 24.1662 23.1429 22.3227 22.0956   27.2624 26.3852 24.4343 23.4223 22.6206 22.3991 
1.010   25.1300 24.3352 22.1366 21.0791 20.1796 19.9272   25.5063 24.6823 22.5429 21.4952 20.6147 20.3666   26.1825 25.3267 23.2535 22.2177 21.3609 21.1182   26.8841 26.0088 23.9774 22.9494 22.1090 21.8701   27.0720 26.1971 24.1977 23.1754 22.3449 22.1088   27.2741 26.4058 24.4660 23.4548 22.6430 22.4126 
1.020   25.1281 24.3535 22.1685 21.1136 20.2051 19.9429   25.5076 24.7015 22.5745 21.5290 20.6391 20.3815   26.1873 25.3466 23.2849 22.2506 21.3839 21.1319   26.8912 26.0291 24.0086 22.9818 22.1310 21.8830   27.0807 26.2175 24.2289 23.2076 22.3668 22.1218   27.2856 26.4262 24.4975 23.4871 22.6650 22.4259 
1.030   25.1264 24.3786 22.2013 21.1484 20.2304 19.9592   25.5092 24.7270 22.6071 21.5631 20.6633 20.3969   26.1926 25.3725 23.3172 22.2840 21.4067 21.1463   26.8988 26.0553 24.0407 23.0147 22.1528 21.8966   27.0900 26.2436 24.2610 23.2406 22.3885 22.1353   27.2978 26.4518 24.5297 23.5201 22.6868 22.4396 
1.040   25.1250 24.4105 22.2351 21.1833 20.2555 19.9762   25.5111 24.7589 22.6406 21.5976 20.6873 20.4130   26.1982 25.4045 23.3504 22.3180 21.4293 21.1613   26.9068 26.0873 24.0737 23.0483 22.1745 21.9109   27.0997 26.2752 24.2939 23.2742 22.4100 22.1495   27.3106 26.4827 24.5627 23.5538 22.7083 22.4538 
1.050   25.1234 24.4421 22.2686 21.2179 20.2803 19.9928   25.5127 24.7906 22.6738 21.6318 20.7111 20.4289   26.2037 25.4362 23.3833 22.3517 21.4517 21.1760   26.9147 26.1191 24.1064 23.0817 22.1959 21.9248   27.1093 26.3066 24.3267 23.3075 22.4313 22.1634   27.3232 26.5133 24.5954 23.5873 22.7295 22.4677 
1.060   25.1093 24.4759 22.2997 21.2529 20.3063 20.0087   25.5005 24.8243 22.7048 21.6666 20.7362 20.4441   26.1935 25.4699 23.4142 22.3863 21.4758 21.1905   26.9059 26.1527 24.1372 23.1163 22.2193 21.9388   27.1019 26.3398 24.3574 23.3421 22.4544 22.1772   27.3186 26.5454 24.6260 23.6220 22.7523 22.4815 
1.070   25.0950 24.5095 22.3306 21.2875 20.3320 20.0243   25.4880 24.8578 22.7356 21.7012 20.7611 20.4591   26.1831 25.5033 23.4448 22.4208 21.4996 21.2048   26.8968 26.1861 24.1677 23.1506 22.2423 21.9525   27.0943 26.3727 24.3879 23.3765 22.4773 22.1908   27.3138 26.5773 24.6565 23.6564 22.7748 22.4950 
1.080   25.0755 24.5232 22.3606 21.3205 20.3573 20.0411   25.4709 24.8725 22.7655 21.7341 20.7857 20.4755   26.1688 25.5191 23.4747 22.4536 21.5234 21.2206   26.8843 26.2025 24.1976 23.1834 22.2655 21.9679   27.0834 26.3893 24.4176 23.4093 22.5002 22.2060   27.3059 26.5941 24.6860 23.6892 22.7972 22.5098 
1.090   25.0509 24.5170 22.3897 21.3517 20.3823 20.0593   25.4492 24.8684 22.7947 21.7654 20.8102 20.4933   26.1505 25.5172 23.5038 22.4849 21.5472 21.2379   26.8683 26.2020 24.2268 23.2148 22.2889 21.9849   27.0691 26.3896 24.4467 23.4406 22.5231 22.2227   27.2950 26.5958 24.7146 23.7204 22.8194 22.5257 
1.100   25.0260 24.5106 22.4186 21.3827 20.4071 20.0772   25.4273 24.8641 22.8236 21.7964 20.8344 20.5108   26.1320 25.5151 23.5328 22.5160 21.5708 21.2550   26.8520 26.2013 24.2557 23.2459 22.3120 22.0017   27.0547 26.3897 24.4755 23.4716 22.5459 22.2391   27.2837 26.5973 24.7431 23.7513 22.8415 22.5415 
1.110   25.0068 24.5023 22.4459 21.4166 20.4303 20.0954   25.4108 24.8579 22.8508 21.8305 20.8572 20.5287   26.1189 25.5112 23.5598 22.5503 21.5930 21.2724   26.8410 26.1988 24.2827 23.2803 22.3338 22.0188   27.0453 26.3881 24.5022 23.5061 22.5675 22.2560   27.2774 26.5973 24.7692 23.7857 22.8625 22.5578 
1.120   24.9873 24.4938 22.4731 21.4502 20.4534 20.1133   25.3941 24.8515 22.8778 21.8643 20.8798 20.5463   26.1055 25.5071 23.5867 22.5844 21.6150 21.2896   26.8299 26.1960 24.3094 23.3146 22.3555 22.0358   27.0358 26.3862 24.5286 23.5403 22.5888 22.2726   27.2708 26.5971 24.7951 23.8199 22.8833 22.5738 
1.130   24.9616 24.4810 22.4989 21.4840 20.4786 20.1324   25.3712 24.8410 22.9036 21.8984 20.9046 20.5650   26.0858 25.4991 23.6124 22.6187 21.6393 21.3080   26.8124 26.1895 24.3351 23.3491 22.3794 22.0538   27.0200 26.3807 24.5541 23.5749 22.6126 22.2905   27.2583 26.5933 24.8201 23.8544 22.9067 22.5912 
1.140   24.9297 24.4638 22.5235 21.5179 20.5061 20.1525   25.3420 24.8263 22.9282 21.9326 20.9318 20.5849   26.0599 25.4871 23.6371 22.6534 21.6660 21.3275   26.7887 26.1791 24.3599 23.3840 22.4058 22.0730   26.9981 26.3714 24.5787 23.6098 22.6388 22.3095   27.2399 26.5859 24.8441 23.8892 22.9326 22.6098 
1.150   24.8976 24.4464 22.5478 21.5517 20.5334 20.1725   25.3126 24.8114 22.9526 21.9666 20.9587 20.6045   26.0338 25.4749 23.6616 22.6878 21.6924 21.3467   26.7647 26.1686 24.3844 23.4187 22.4319 22.0920   26.9760 26.3620 24.6030 23.6445 22.6648 22.3283   27.2213 26.5783 24.8679 23.9238 22.9584 22.6283 
1.160   24.8563 24.4153 22.5760 21.5643 20.5619 20.1951   25.2735 24.7831 22.9810 21.9799 20.9869 20.6269   25.9972 25.4496 23.6902 22.7019 21.7203 21.3688   26.7298 26.1453 24.4131 23.4334 22.4595 22.1139   26.9429 26.3401 24.6315 23.6594 22.6922 22.3501   27.1916 26.5590 24.8960 23.9392 22.9855 22.6499 
1.170   24.8149 24.3840 22.6040 21.5767 20.5902 20.2174   25.2341 24.7546 23.0092 21.9930 21.0149 20.6490   25.9604 25.4242 23.7186 22.7158 21.7479 21.3907   26.6948 26.1218 24.4416 23.4479 22.4869 22.1356   26.9096 26.3180 24.6598 23.6742 22.7194 22.3717   27.1618 26.5394 24.9238 23.9545 23.0124 22.6713 
1.180   24.7797 24.3573 22.6331 21.5917 20.6189 20.2404   25.2010 24.7304 23.0384 22.0086 21.0434 20.6719   25.9298 25.4030 23.7480 22.7322 21.7761 21.4134   26.6660 26.1024 24.4711 23.4648 22.5148 22.1582   26.8825 26.2999 24.6891 23.6914 22.7472 22.3942   27.1381 26.5236 24.9526 23.9722 23.0399 22.6938 
1.190   24.7509 24.3351 22.6634 21.6092 20.6481 20.2641   25.1742 24.7107 23.0687 22.0268 21.0723 20.6955   25.9056 25.3860 23.7784 22.7511 21.8047 21.4369   26.6435 26.0871 24.5016 23.4841 22.5432 22.1817   26.8617 26.2857 24.7194 23.7110 22.7755 22.4177   27.1207 26.5116 24.9824 23.9924 23.0679 22.7173 
1.200   24.7219 24.3128 22.6934 21.6265 20.6771 20.2877   25.1473 24.6908 23.0989 22.0447 21.1011 20.7190   25.8812 25.3688 23.8086 22.7697 21.8331 21.4603   26.6207 26.0716 24.5319 23.5032 22.5714 22.2050   26.8407 26.2714 24.7495 23.7305 22.8035 22.4410   27.1031 26.4994 25.0120 24.0124 23.0957 22.7406 
1.210   24.6805 24.2802 22.7120 21.6431 20.7064 20.3131   25.1082 24.6611 23.1179 22.0618 21.1302 20.7443   25.8448 25.3424 23.8281 22.7876 21.8621 21.4854   26.5864 26.0473 24.5517 23.5216 22.6004 22.2300   26.8083 26.2485 24.7694 23.7492 22.8324 22.4661   27.0748 26.4789 25.0318 24.0320 23.1245 22.7659 
1.220   24.6389 24.2475 22.7305 21.6595 20.7354 20.3383   25.0688 24.6313 23.1367 22.0788 21.1591 20.7694   25.8083 25.3158 23.8474 22.8052 21.8910 21.5104   26.5518 26.0227 24.5713 23.5397 22.6291 22.2548   26.7757 26.2253 24.7890 23.7677 22.8611 22.4910   27.0464 26.4582 25.0515 24.0513 23.1531 22.7910 
1.230   24.5960 24.2152 22.7480 21.6734 20.7626 20.3610   25.0279 24.6017 23.1547 22.0932 21.1863 20.7919   25.7699 25.2893 23.8658 22.8204 21.9181 21.5327   26.5151 25.9982 24.5900 23.5553 22.6562 22.2770   26.7408 26.2021 24.8078 23.7838 22.8882 22.5133   27.0152 26.4374 25.0704 24.0683 23.1802 22.8135 
1.240   24.5516 24.1833 22.7647 21.6847 20.7881 20.3811   24.9853 24.5724 23.1717 22.1052 21.2117 20.8118   25.7296 25.2630 23.8833 22.8330 21.9435 21.5524   26.4763 25.9738 24.6078 23.5684 22.6817 22.2966   26.7037 26.1789 24.8257 23.7973 22.9137 22.5329   26.9815 26.4165 25.0883 24.0828 23.2058 22.8333 
1.250   24.5071 24.1513 22.7812 21.6959 20.8133 20.4011   24.9426 24.5429 23.1886 22.1169 21.2370 20.8316   25.6890 25.2365 23.9007 22.8454 21.9688 21.5720   26.4373 25.9492 24.6255 23.5813 22.7069 22.3160   26.6663 26.1556 24.8434 23.8107 22.9390 22.5523   26.9475 26.3954 25.1061 24.0971 23.2312 22.8530 
1.260   24.4710 24.1207 22.8006 21.7112 20.8371 20.4192   24.9076 24.5145 23.2081 22.1327 21.2608 20.8495   25.6556 25.2104 23.9203 22.8619 21.9927 21.5894   26.4051 25.9247 24.6453 23.5982 22.7309 22.3332   26.6353 26.1322 24.8632 23.8280 22.9630 22.5695   26.9191 26.3742 25.1258 24.1151 23.2553 22.8702 
1.270   24.4346 24.0900 22.8197 21.7263 20.8607 20.4372   24.8725 24.4858 23.2274 22.1484 21.2845 20.8672   25.6221 25.1842 23.9398 22.8782 22.0164 21.6068   26.3726 25.9000 24.6649 23.6149 22.7547 22.3503   26.6041 26.1087 24.8828 23.8451 22.9868 22.5866   26.8904 26.3528 25.1452 24.1329 23.2792 22.8872 
1.280   24.3959 24.0545 22.8371 21.7390 20.8837 20.4541   24.8350 24.4524 23.2449 22.1615 21.3076 20.8837   25.5861 25.1531 23.9574 22.8918 22.0395 21.6228   26.3376 25.8706 24.6826 23.6289 22.7778 22.3660   26.5704 26.0805 24.9004 23.8595 23.0100 22.6023   26.8594 26.3268 25.1628 24.1482 23.3025 22.9029 
1.290   24.3547 24.0140 22.8528 21.7493 20.9061 20.4699   24.7950 24.4140 23.2606 22.1721 21.3300 20.8991   25.5476 25.1172 23.9732 22.9028 22.0620 21.6377   26.3002 25.8363 24.6983 23.6402 22.8002 22.3806   26.5342 26.0474 24.9162 23.8712 23.0325 22.6167   26.8259 26.2963 25.1786 24.1609 23.3252 22.9172 
1.300   24.3134 23.9734 22.8683 21.7594 20.9284 20.4855   24.7548 24.3755 23.2762 22.1826 21.3522 20.9143   25.5089 25.0812 23.9888 22.9137 22.0842 21.6524   26.2626 25.8018 24.7139 23.6513 22.8225 22.3949   26.4978 26.0143 24.9318 23.8827 23.0549 22.6309   26.7923 26.2656 25.1942 24.1734 23.3478 22.9313 
1.310   24.2657 23.9308 22.8795 21.7717 20.9465 20.5008   24.7082 24.3350 23.2874 22.1950 21.3704 20.9292   25.4637 25.0431 24.0000 22.9264 22.1024 21.6669   26.2183 25.7654 24.7252 23.6642 22.8407 22.4091   26.4547 25.9792 24.9432 23.8958 23.0733 22.6452   26.7516 26.2330 25.2058 24.1870 23.3666 22.9458 
1.320   24.2179 23.8880 22.8905 21.7839 20.9644 20.5159   24.6615 24.2942 23.2984 22.2074 21.3883 20.9440   25.4182 25.0049 24.0111 22.9389 22.1204 21.6812   26.1738 25.7288 24.7363 23.6768 22.8587 22.4232   26.4113 25.9439 24.9544 23.9087 23.0915 22.6593   26.7107 26.2002 25.2172 24.2004 23.3853 22.9600 
1.330   24.1707 23.8457 22.9005 21.7958 20.9817 20.5286   24.6150 24.2540 23.3086 22.2195 21.4057 20.9564   25.3729 24.9670 24.0214 22.9513 22.1379 21.6934   26.1292 25.6925 24.7467 23.6894 22.8763 22.4350   26.3677 25.9089 24.9649 23.9215 23.1092 22.6712   26.6692 26.1677 25.2281 24.2136 23.4035 22.9721 
1.340   24.1240 23.8039 22.9097 21.8076 20.9982 20.5390   24.5690 24.2141 23.3179 22.2315 21.4224 20.9666   25.3275 24.9294 24.0309 22.9636 22.1548 21.7032   26.0844 25.6565 24.7563 23.7019 22.8934 22.4447   26.3236 25.8741 24.9748 23.9342 23.1266 22.6809   26.6270 26.1353 25.2384 24.2266 23.4213 22.9819 
1.350   24.0773 23.7620 22.9187 21.8192 21.0146 20.5492   24.5228 24.1741 23.3271 22.2433 21.4390 20.9766   25.2820 24.8917 24.0402 22.9757 22.1716 21.7130   26.0394 25.6203 24.7658 23.7143 22.9103 22.4543   26.2795 25.8391 24.9845 23.9467 23.1437 22.6904   26.5847 26.1028 25.2486 24.2395 23.4390 22.9916 
1.360   24.0338 23.7218 22.9246 21.8271 21.0327 20.5551   24.4794 24.1357 23.3332 22.2515 21.4574 20.9824   25.2388 24.8555 24.0466 22.9842 22.1904 21.7186   25.9963 25.5855 24.7724 23.7230 22.9294 22.4598   26.2370 25.8056 24.9913 23.9556 23.1631 22.6961   26.5436 26.0716 25.2561 24.2490 23.4591 22.9976 
1.370   23.9901 23.6815 22.9303 21.8348 21.0506 20.5608   24.4359 24.0972 23.3391 22.2595 21.4757 20.9880   25.1955 24.8191 24.0528 22.9925 22.2091 21.7241   25.9532 25.5506 24.7787 23.7315 22.9483 22.4652   26.1945 25.7718 24.9980 23.9644 23.1824 22.7016   26.5025 26.0401 25.2636 24.2584 23.4790 23.0034 
1.380   23.9428 23.6399 22.9324 21.8398 21.0673 20.5706   24.3887 24.0573 23.3415 22.2648 21.4927 20.9978   25.1484 24.7813 24.0556 22.9982 22.2266 21.7338   25.9061 25.5142 24.7818 23.7374 22.9662 22.4749   26.1478 25.7366 25.0015 23.9706 23.2006 22.7114   26.4569 26.0073 25.2679 24.2652 23.4979 23.0135 
1.390   23.8918 23.5970 22.9308 21.8422 21.0826 20.5845   24.3376 24.0161 23.3404 22.2675 21.5085 21.0117   25.0973 24.7421 24.0550 23.0012 22.2429 21.7477   25.8550 25.4764 24.7815 23.7407 22.9828 22.4887   26.0971 25.7000 25.0017 23.9742 23.2176 22.7254   26.4071 25.9730 25.2692 24.2695 23.5158 23.0278 
1.400   23.8406 23.5540 22.9292 21.8444 21.0979 20.5983   24.2864 23.9747 23.3391 22.2700 21.5241 21.0254   25.0461 24.7028 24.0542 23.0041 22.2591 21.7614   25.8037 25.4384 24.7811 23.7439 22.9994 22.5025   26.0462 25.6632 25.0018 23.9777 23.2346 22.7392   26.3571 25.9386 25.2703 24.2736 23.5335 23.0419 
1.410   23.7900 23.5108 22.9238 21.8489 21.1145 20.6189   24.2357 23.9330 23.3344 22.2748 21.5412 21.0459   24.9951 24.6629 24.0502 23.0092 22.2767 21.7818   25.7526 25.3998 24.7776 23.7492 23.0173 22.5228   25.9951 25.6256 24.9987 23.9832 23.2528 22.7595   26.3065 25.9030 25.2683 24.2795 23.5525 23.0622 
1.420   23.7393 23.4675 22.9184 21.8533 21.1311 20.6393   24.1847 23.8912 23.3295 22.2794 21.5581 21.0662   24.9439 24.6229 24.0460 23.0142 22.2941 21.8020   25.7012 25.3610 24.7738 23.7543 23.0351 22.5429   25.9440 25.5878 24.9955 23.9886 23.2710 22.7797   26.2558 25.8673 25.2661 24.2853 23.5714 23.0823 
1.430   23.6904 23.4257 22.9117 21.8570 21.1466 20.6588   24.1357 23.8507 23.3235 22.2834 21.5741 21.0858   24.8946 24.5841 24.0408 23.0185 22.3105 21.8216   25.6517 25.3233 24.7691 23.7589 23.0519 22.5625   25.8946 25.5511 24.9913 23.9933 23.2880 22.7992   26.2069 25.8325 25.2628 24.2904 23.5890 23.1018 
1.440   23.6434 23.3853 22.9040 21.8600 21.1611 20.6774   24.0884 23.8115 23.3164 22.2867 21.5890 21.1045   24.8471 24.5465 24.0345 23.0221 22.3259 21.8404   25.6041 25.2868 24.7633 23.7628 23.0675 22.5814   25.8471 25.5154 24.9860 23.9973 23.3039 22.8181   26.1599 25.7985 25.2585 24.2947 23.6054 23.1206 
1.450   23.5962 23.3448 22.8960 21.8629 21.1755 20.6959   24.0410 23.7723 23.3092 22.2899 21.6037 21.1231   24.7995 24.5088 24.0280 23.0257 22.3411 21.8592   25.5563 25.2501 24.7574 23.7666 23.0831 22.6002   25.7995 25.4797 24.9806 24.0013 23.3197 22.8369   26.1126 25.7644 25.2540 24.2988 23.6216 23.1393 
1.460   23.5428 23.2998 22.8812 21.8641 21.1919 20.7122   23.9876 23.7286 23.2953 22.2914 21.6205 21.1396   24.7460 24.4666 24.0153 23.0276 22.3585 21.8759   25.5028 25.2091 24.7455 23.7687 23.1008 22.6172   25.7462 25.4394 24.9691 24.0035 23.3376 22.8537   26.0598 25.7257 25.2436 24.3013 23.6399 23.1556 
1.470   23.4893 23.2547 22.8663 21.8651 21.2081 20.7284   23.9341 23.6847 23.2813 22.2927 21.6372 21.1560   24.6925 24.4244 24.0025 23.0293 22.3757 21.8926   25.4492 25.1680 24.7335 23.7708 23.1185 22.6340   25.6928 25.3990 24.9576 24.0057 23.3554 22.8704   26.0068 25.6868 25.2330 24.3036 23.6580 23.1718 
1.480   23.4373 23.2107 22.8483 21.8664 21.2233 20.7466   23.8821 23.6420 23.2644 22.2943 21.6529 21.1744   24.6405 24.3831 23.9868 23.0312 22.3919 21.9112   25.3973 25.1277 24.7185 23.7729 23.1351 22.6529   25.6410 25.3595 24.9432 24.0078 23.3722 22.8890   25.9554 25.6487 25.2197 24.3059 23.6751 23.1900 
1.490   23.3869 23.1680 22.8273 21.8680 21.2376 20.7667   23.8317 23.6003 23.2444 22.2960 21.6675 21.1947   24.5902 24.3427 23.9681 23.0332 22.4071 21.9319   25.3470 25.0883 24.7008 23.7751 23.1506 22.6737   25.5909 25.3207 24.9261 24.0101 23.3880 22.9097   25.9058 25.6112 25.2036 24.3083 23.6913 23.2103 
1.500   23.3363 23.1251 22.8062 21.8694 21.2517 20.7867   23.7812 23.5585 23.2244 22.2976 21.6821 21.2150   24.5397 24.3023 23.9494 23.0351 22.4222 21.9524   25.2966 25.0487 24.6829 23.7771 23.1660 22.6944   25.5406 25.2818 24.9088 24.0122 23.4036 22.9303   25.8560 25.5737 25.1874 24.3105 23.7073 23.2304 
1.510   23.2891 23.0843 22.7814 21.8726 21.2575 20.8036   23.7342 23.5185 23.2007 22.3010 21.6883 21.2321   24.4929 24.2634 23.9270 23.0385 22.4290 21.9698   25.2498 25.0106 24.6615 23.7806 23.1732 22.7121   25.4941 25.2443 24.8880 24.0157 23.4110 22.9479   25.8099 25.5372 25.1679 24.3139 23.7151 23.2477 
1.520   23.2419 23.0434 22.7564 21.8758 21.2633 20.8203   23.6870 23.4785 23.1768 22.3042 21.6945 21.2491   24.4459 24.2244 23.9046 23.0419 22.4357 21.9871   25.2029 24.9724 24.6400 23.7841 23.1803 22.7296   25.4474 25.2066 24.8671 24.0191 23.4183 22.9653   25.7638 25.5007 25.1482 24.3172 23.7227 23.2650 
1.530   23.1909 23.0006 22.7277 21.8767 21.2670 20.8371   23.6362 23.4365 23.1494 22.3053 21.6986 21.2661   24.3953 24.1834 23.8786 23.0430 22.4402 22.0045   25.1526 24.9321 24.6150 23.7853 23.1852 22.7472   25.3973 25.1669 24.8428 24.0204 23.4234 22.9829   25.7141 25.4621 25.1252 24.3184 23.7285 23.2825 
1.540   23.1361 22.9559 22.6955 21.8755 21.2688 20.8539   23.5818 23.3925 23.1183 22.3041 21.7007 21.2832   24.3413 24.1404 23.8490 23.0420 22.4427 22.0219   25.0988 24.8897 24.5865 23.7844 23.1879 22.7649   25.3437 25.1251 24.8151 24.0195 23.4265 23.0007   25.6610 25.4215 25.0991 24.3175 23.7323 23.3004 
1.550   23.0813 22.9110 22.6631 21.8741 21.2704 20.8706   23.5273 23.3484 23.0872 22.3029 21.7026 21.3002   24.2871 24.0972 23.8194 23.0409 22.4450 22.0393   25.0449 24.8472 24.5579 23.7833 23.1905 22.7824   25.2900 25.0832 24.7873 24.0184 23.4295 23.0183   25.6078 25.3808 25.0728 24.3166 23.7360 23.3181 
1.560   23.0268 22.8704 22.6276 21.8731 21.2734 20.8867   23.4733 23.3084 23.0528 22.3019 21.7058 21.3166   24.2338 24.0579 23.7864 23.0400 22.4484 22.0561   24.9921 24.8085 24.5258 23.7825 23.1940 22.7996   25.2376 25.0449 24.7560 24.0177 23.4332 23.0357   25.5560 25.3435 25.0430 24.3159 23.7404 23.3359 
1.570   22.9721 22.8297 22.5921 21.8719 21.2762 20.9026   23.4192 23.2682 23.0183 22.3008 21.7088 21.3329   24.1804 24.0186 23.7533 23.0391 22.4516 22.0728   24.9392 24.7696 24.4936 23.7817 23.1973 22.8166   25.1850 25.0065 24.7246 24.0169 23.4368 23.0529   25.5040 25.3061 25.0131 24.3152 23.7446 23.3536 
1.580   22.9158 22.7879 22.5566 21.8691 21.2775 20.9148   23.3634 23.2270 22.9841 22.2982 21.7101 21.3453   24.1255 23.9781 23.7204 23.0366 22.4530 22.0856   24.8848 24.7296 24.4617 23.7794 23.1988 22.8296   25.1310 24.9670 24.6934 24.0147 23.4386 23.0663   25.4507 25.2676 24.9835 24.3134 23.7471 23.3677 
1.590   22.8577 22.7451 22.5214 21.8646 21.2770 20.9231   23.3060 23.1847 22.9500 22.2940 21.7097 21.3539   24.0690 23.9365 23.6877 23.0327 22.4527 22.0945   24.8290 24.6885 24.4300 23.7757 23.1986 22.8387   25.0755 24.9264 24.6625 24.0113 23.4387 23.0758   25.3959 25.2280 24.9542 24.3104 23.7479 23.3783 
1.600   22.7995 22.7021 22.4860 21.8600 21.2765 20.9313   23.2486 23.1423 22.9158 22.2896 21.7092 21.3623   24.0124 23.8948 23.6550 23.0287 22.4522 22.1032   24.7730 24.6473 24.3983 23.7719 23.1981 22.8476   25.0200 24.8857 24.6315 24.0077 23.4386 23.0852   25.3411 25.1883 24.9247 24.3074 23.7487 23.3887 
1.610   22.7467 22.6606 22.4508 21.8533 21.2756 20.9395   23.1962 23.1014 22.8816 22.2833 21.7084 21.3709   23.9606 23.8545 23.6222 23.0229 22.4515 22.1121   24.7217 24.6075 24.3664 23.7664 23.1975 22.8568   24.9689 24.8463 24.6004 24.0026 23.4382 23.0949   25.2904 25.1498 24.8950 24.3028 23.7490 23.3994 
1.620   22.6937 22.6190 22.4155 21.8464 21.2745 20.9477   23.1437 23.0603 22.8474 22.2768 21.7074 21.3793   23.9087 23.8141 23.5893 23.0169 22.4507 22.1210   24.6703 24.5675 24.3344 23.7608 23.1968 22.8660   24.9177 24.8068 24.5691 23.9973 23.4378 23.1044   25.2397 25.1112 24.8652 24.2982 23.7492 23.4099 
1.630   22.6429 22.5778 22.3813 21.8367 21.2741 20.9573   23.0933 23.0196 22.8142 22.2676 21.7072 21.3892   23.8589 23.7740 23.5574 23.0083 22.4507 22.1313   24.6208 24.5280 24.3034 23.7526 23.1969 22.8765   24.8684 24.7676 24.5387 23.9894 23.4382 23.1154   25.1908 25.0729 24.8362 24.2909 23.7502 23.4218 
1.640   22.5942 22.5370 22.3483 21.8243 21.2743 20.9683   23.0450 22.9793 22.7821 22.2557 21.7077 21.4006   23.8110 23.7344 23.5265 22.9971 22.4515 22.1430   24.5732 24.4888 24.2733 23.7418 23.1979 22.8886   24.8210 24.7288 24.5093 23.9789 23.4393 23.1278   25.1438 25.0349 24.8079 24.2811 23.7518 23.4350 
1.650   22.5455 22.4961 22.3151 21.8118 21.2744 20.9792   22.9965 22.9389 22.7499 22.2437 21.7080 21.4118   23.7630 23.6946 23.4954 22.9857 22.4521 22.1547   24.5255 24.4495 24.2431 23.7309 23.1988 22.9005   24.7735 24.6899 24.4797 23.9683 23.4404 23.1401   25.0966 24.9968 24.7796 24.2712 23.7533 23.4481 
1.660   22.4991 22.4526 22.2815 21.7950 21.2702 20.9877   22.9503 22.8959 22.7171 22.2275 21.7041 21.4207   23.7169 23.6523 23.4639 22.9703 22.4485 22.1642   24.4796 24.4076 24.2124 23.7160 23.1955 22.9104   24.7276 24.6484 24.4496 23.9538 23.4373 23.1503   25.0509 24.9562 24.7507 24.2574 23.7505 23.4589 
1.670   22.4527 22.4090 22.2477 21.7782 21.2658 20.9961   22.9040 22.8528 22.6843 22.2113 21.7000 21.4296   23.6707 23.6098 23.4322 22.9548 22.4449 22.1735   24.4335 24.3656 24.1816 23.7010 23.1921 22.9201   24.6817 24.6068 24.4194 23.9392 23.4340 23.1603   25.0052 24.9154 24.7217 24.2435 23.7476 23.4697 
1.680   22.4085 22.3673 22.2149 21.7629 21.2608 21.0013   22.8598 22.8116 22.6524 22.1966 21.6953 21.4352   23.6267 23.5692 23.4014 22.9408 22.4406 22.1797   24.3895 24.3254 24.1515 23.6876 23.1881 22.9267   24.6378 24.5670 24.3899 23.9261 23.4303 23.1672   24.9614 24.8764 24.6933 24.2310 23.7441 23.4772 
1.690   22.3665 22.3277 22.1830 21.7492 21.2553 21.0035   22.8179 22.7723 22.6213 22.1835 21.6901 21.4378   23.5848 23.5304 23.3714 22.9285 22.4358 22.1827   24.3476 24.2870 24.1222 23.6757 23.1836 22.9300   24.5959 24.5289 24.3611 23.9145 23.4259 23.1709   24.9197 24.8389 24.6656 24.2201 23.7399 23.4815 
1.700   22.3244 22.2880 22.1511 21.7354 21.2496 21.0056   22.7758 22.7329 22.5902 22.1703 21.6848 21.4402   23.5427 23.4915 23.3412 22.9160 22.4310 22.1857   24.3056 24.2484 24.0928 23.6638 23.1791 22.9333   24.5540 24.4907 24.3322 23.9029 23.4214 23.1744   24.8780 24.8014 24.6378 24.2091 23.7357 23.4858 
1.710   22.2809 22.2471 22.1159 21.7187 21.2433 21.0075   22.7324 22.6924 22.5558 22.1541 21.6790 21.4426   23.4995 23.4514 23.3079 22.9004 22.4257 22.1886   24.2626 24.2086 24.0602 23.6487 23.1742 22.9366   24.5110 24.4512 24.3001 23.8881 23.4167 23.1780   24.8352 24.7625 24.6068 24.1948 23.7309 23.4898 
1.720   22.2373 22.2062 22.0806 21.7018 21.2370 21.0093   22.6890 22.6518 22.5213 22.1377 21.6731 21.4449   23.4562 23.4112 23.2744 22.8847 22.4204 22.1914   24.2194 24.1687 24.0274 23.6334 23.1692 22.9398   24.4679 24.4116 24.2679 23.8732 23.4118 23.1815   24.7923 24.7235 24.5756 24.1805 23.7261 23.4938 
1.730   22.1954 22.1662 22.0450 21.6866 21.2301 21.0103   22.6472 22.6121 22.4865 22.1230 21.6666 21.4463   23.4146 23.3719 23.2405 22.8707 22.4145 22.1934   24.1779 24.1297 23.9942 23.6199 23.1638 22.9422   24.4265 24.3728 24.2352 23.8599 23.4064 23.1841   24.7511 24.6854 24.5440 24.1678 23.7207 23.4968 
1.740   22.1551 22.1272 22.0090 21.6730 21.2227 21.0103   22.6071 22.5734 22.4512 22.1100 21.6597 21.4468   23.3747 23.3335 23.2062 22.8584 22.4081 22.1945   24.1381 24.0916 23.9605 23.6081 23.1578 22.9437   24.3868 24.3349 24.2020 23.8484 23.4004 23.1857   24.7116 24.6481 24.5117 24.1568 23.7147 23.4986 
1.750   22.1148 22.0880 21.9729 21.6593 21.2152 21.0103   22.5669 22.5345 22.4158 22.0969 21.6527 21.4472   23.3347 23.2951 23.1717 22.8460 22.4016 22.1954   24.0982 24.0534 23.9267 23.5962 23.1516 22.9450   24.3470 24.2970 24.1687 23.8367 23.3944 23.1872   24.6720 24.6107 24.4794 24.1456 23.7087 23.5004 
1.760   22.0678 22.0405 21.9292 21.6365 21.2002 21.0033   22.5199 22.4874 22.3730 22.0749 21.6382 21.4408   23.2877 23.2483 23.1300 22.8249 22.3878 22.1898   24.0512 24.0070 23.8858 23.5758 23.1384 22.9399   24.3001 24.2509 24.1283 23.8167 23.3812 23.1823   24.6251 24.5652 24.4401 24.1263 23.6956 23.4958 
1.770   22.0207 21.9929 21.8855 21.6137 21.1850 20.9963   22.4728 22.4401 22.3301 22.0528 21.6236 21.4343   23.2406 23.2016 23.0882 22.8038 22.3739 22.1840   24.0041 23.9605 23.8447 23.5554 23.1250 22.9347   24.2530 24.2047 24.0878 23.7966 23.3679 23.1772   24.5782 24.5197 24.4007 24.1069 23.6825 23.4910 
1.780   21.9768 21.9493 21.8449 21.5932 21.1708 20.9890   22.4289 22.3968 22.2903 22.0329 21.6098 21.4276   23.1968 23.1586 23.0494 22.7848 22.3609 22.1780   23.9604 23.9178 23.8066 23.5370 23.1124 22.9291   24.2093 24.1623 24.0502 23.7786 23.3554 23.1719   24.5347 24.4779 24.3640 24.0895 23.6701 23.4859 
1.790   21.9362 21.9095 21.8076 21.5750 21.1574 20.9816   22.3884 22.3573 22.2536 22.0154 21.5970 21.4206   23.1564 23.1194 23.0136 22.7680 22.3486 22.1717   23.9200 23.8789 23.7714 23.5208 23.1006 22.9232   24.1690 24.1236 24.0154 23.7627 23.3437 23.1662   24.4945 24.4397 24.3301 24.0741 23.6586 23.4805 
1.800   21.8955 21.8697 21.7702 21.5567 21.1440 20.9740   22.3478 22.3177 22.2169 21.9977 21.5840 21.4136   23.1158 23.0802 22.9777 22.7512 22.3363 22.1653   23.8795 23.8399 23.7361 23.5044 23.0887 22.9173   24.1287 24.0849 23.9805 23.7467 23.3320 23.1604   24.4543 24.4014 24.2961 24.0587 23.6469 23.4751 
1.810   21.8606 21.8362 21.7373 21.5407 21.1340 20.9684   22.3130 22.2844 22.1845 21.9822 21.5745 21.4085   23.0814 23.0471 22.9460 22.7363 22.3274 22.1608   23.8452 23.8069 23.7050 23.4901 23.0802 22.9133   24.0945 24.0521 23.9497 23.7326 23.3236 23.1566   24.4204 24.3690 24.2660 24.0452 23.6388 23.4716 
1.820   21.8255 21.8026 21.7044 21.5245 21.1238 20.9628   22.2782 22.2509 22.1521 21.9666 21.5648 21.4033   23.0468 23.0139 22.9143 22.7214 22.3184 22.1563   23.8109 23.7739 23.6738 23.4757 23.0717 22.9092   24.0602 24.0192 23.9188 23.7185 23.3152 23.1527   24.3863 24.3365 24.2358 24.0317 23.6306 23.4681 
1.830   21.7873 21.7681 21.6705 21.5067 21.1129 20.9555   22.2403 22.2166 22.1188 21.9494 21.5544 21.3966   23.0094 22.9797 22.8816 22.7049 22.3087 22.1503   23.7739 23.7399 23.6416 23.4597 23.0625 22.9037   24.0234 23.9854 23.8871 23.7028 23.3062 23.1475   24.3500 24.3030 24.2047 24.0166 23.6219 23.4633 
1.840   21.7458 21.7326 21.6357 21.4873 21.1011 20.9468   22.1995 22.1813 22.0845 21.9305 21.5433 21.3885   22.9693 22.9446 22.8481 22.6868 22.2983 22.1429   23.7343 23.7050 23.6086 23.4420 23.0526 22.8968   23.9842 23.9506 23.8544 23.6855 23.2966 23.1408   24.3112 24.2686 24.1728 23.9999 23.6126 23.4571 
1.850   21.7043 21.6971 21.6007 21.4678 21.0892 20.9379   22.1585 22.1459 22.0502 21.9115 21.5320 21.3802   22.9291 22.9095 22.8145 22.6685 22.2878 22.1354   23.6946 23.6699 23.5755 23.4243 23.0427 22.8899   23.9448 23.9157 23.8217 23.6681 23.2869 23.1341   24.2724 24.2342 24.1407 23.9832 23.6032 23.4508 
1.860   21.6562 21.6552 21.5608 21.4423 21.0726 20.9241   22.1111 22.1043 22.0108 21.8868 21.5162 21.3673   22.8825 22.8681 22.7760 22.6448 22.2731 22.1236   23.6486 23.6287 23.5376 23.4013 23.0288 22.8789   23.8991 23.8747 23.7841 23.6455 23.2733 23.1234   24.2274 24.1936 24.1039 23.9612 23.5901 23.4405 
1.870   21.6081 21.6133 21.5207 21.4168 21.0559 20.9103   22.0636 22.0625 21.9714 21.8620 21.5004 21.3543   22.8358 22.8266 22.7374 22.6210 22.2584 22.1118   23.6026 23.5874 23.4996 23.3781 23.0148 22.8678   23.8534 23.8336 23.7465 23.6227 23.2596 23.1127   24.1823 24.1529 24.0671 23.9392 23.5769 23.4302 
1.880   21.5666 21.5745 21.4837 21.3920 21.0401 20.8971   22.0225 22.0238 21.9350 21.8380 21.4854 21.3419   22.7953 22.7881 22.7017 22.5978 22.2443 22.1003   23.5625 23.5491 23.4644 23.3556 23.0014 22.8570   23.8136 23.7955 23.7117 23.6005 23.2465 23.1021   24.1429 24.1153 24.0329 23.9177 23.5642 23.4199 
1.890   21.5318 21.5387 21.4499 21.3680 21.0253 20.8846   21.9879 21.9882 21.9016 21.8146 21.4711 21.3300   22.7610 22.7527 22.6689 22.5753 22.2309 22.0892   23.5283 23.5139 23.4321 23.3337 22.9886 22.8465   23.7796 23.7605 23.6796 23.5790 23.2340 23.0917   24.1092 24.0805 24.0014 23.8969 23.5521 23.4099 
1.900   21.4968 21.5029 21.4160 21.3439 21.0103 20.8720   21.9531 21.9526 21.8681 21.7912 21.4568 21.3180   22.7265 22.7173 22.6360 22.5527 22.2174 22.0780   23.4941 23.4786 23.3996 23.3117 22.9758 22.8359   23.7455 23.7253 23.6475 23.5574 23.2214 23.0813   24.0754 24.0457 23.9698 23.8759 23.5399 23.3997 
1.910   21.4689 21.4725 21.3875 21.3238 20.9976 20.8619   21.9253 21.9223 21.8400 21.7716 21.4447 21.3085   22.6988 22.6871 22.6083 22.5338 22.2060 22.0691   23.4665 23.4485 23.3722 23.2933 22.9648 22.8274   23.7179 23.6954 23.6202 23.5393 23.2106 23.0730   24.0481 24.0161 23.9430 23.8584 23.5295 23.3916 
1.920   21.4409 21.4420 21.3589 21.3036 20.9848 20.8518   21.8974 21.8920 21.8117 21.7519 21.4324 21.2988   22.6710 22.6569 22.5805 22.5149 22.1944 22.0601   23.4387 23.4184 23.3447 23.2749 22.9538 22.8189   23.6903 23.6654 23.5929 23.5211 23.1998 23.0646   24.0206 23.9864 23.9162 23.8408 23.5190 23.3833 
1.930   21.4095 21.4069 21.3263 21.2804 20.9696 20.8400   21.8660 21.8570 21.7795 21.7293 21.4179 21.2877   22.6396 22.6222 22.5487 22.4931 22.1807 22.0497   23.4074 23.3838 23.3133 23.2537 22.9407 22.8090   23.6590 23.6309 23.5618 23.5003 23.1869 23.0550   23.9895 23.9522 23.8855 23.8205 23.5067 23.3741 
1.940   21.3747 21.3672 21.2895 21.2542 20.9522 20.8266   21.8311 21.8175 21.7431 21.7039 21.4012 21.2750   22.6047 22.5828 22.5130 22.4685 22.1650 22.0379   23.3724 23.3446 23.2780 23.2297 22.9256 22.7980   23.6240 23.5919 23.5268 23.4766 23.1722 23.0442   23.9547 23.9136 23.8511 23.7975 23.4924 23.3639 
1.950   21.3398 21.3274 21.2526 21.2280 20.9346 20.8132   21.7962 21.7778 21.7067 21.6783 21.3843 21.2622   22.5696 22.5434 22.4772 22.4438 22.1491 22.0261   23.3373 23.3054 23.2426 23.2057 22.9104 22.7868   23.5890 23.5528 23.4917 23.4529 23.1573 23.0334   23.9199 23.8749 23.8166 23.7744 23.4781 23.3535 
1.960   21.3118 21.2912 21.2187 21.2026 20.9182 20.8004   21.7680 21.7417 21.6732 21.6534 21.3686 21.2502   22.5412 22.5075 22.4441 22.4197 22.1342 22.0150   23.3087 23.2696 23.2100 23.1821 22.8962 22.7763   23.5604 23.5172 23.4593 23.4296 23.1434 23.0232   23.8914 23.8396 23.7847 23.7517 23.4646 23.3439 
1.970   21.2838 21.2548 21.1846 21.1771 20.9017 20.7876   21.7398 21.7055 21.6395 21.6285 21.3528 21.2380   22.5128 22.4715 22.4110 22.3955 22.1193 22.0037   23.2801 23.2337 23.1773 23.1584 22.8819 22.7658   23.5318 23.4815 23.4268 23.4063 23.1293 23.0129   23.8628 23.8042 23.7527 23.7289 23.4511 23.3341 
1.980   21.2578 21.2213 21.1527 21.1526 20.8866 20.7755   21.7136 21.6721 21.6080 21.6045 21.3384 21.2266   22.4864 22.4383 22.3799 22.3721 22.1057 21.9932   23.2536 23.2006 23.1465 23.1355 22.8689 22.7558   23.5053 23.4485 23.3963 23.3836 23.1166 23.0033   23.8364 23.7715 23.7226 23.7068 23.4388 23.3250 
1.990   21.2337 21.1906 21.1228 21.1291 20.8731 20.7643   21.6895 21.6416 21.5784 21.5815 21.3254 21.2160   22.4622 22.4078 22.3509 22.3496 22.0935 21.9833   23.2292 23.1702 23.1178 23.1134 22.8573 22.7465   23.4810 23.4182 23.3678 23.3617 23.1053 22.9942   23.8122 23.7414 23.6945 23.6854 23.4279 23.3164 
2.000   21.2096 21.1599 21.0929 21.1056 20.8595 20.7529   21.6653 21.6109 21.5488 21.5583 21.3124 21.2052   22.4379 22.3773 22.3217 22.3270 22.0813 21.9733   23.2048 23.1398 23.0890 23.0912 22.8456 22.7371   23.4567 23.3879 23.3392 23.3398 23.0938 22.9851   23.7880 23.7113 23.6663 23.6639 23.4169 23.3077 
2.010   21.1855 21.1286 21.0620 21.0785 20.8434 20.7374   21.6411 21.5797 21.5183 21.5317 21.2968 21.1903   22.4135 22.3462 22.2916 22.3010 22.0663 21.9591   23.1803 23.1087 23.0592 23.0656 22.8311 22.7234   23.4322 23.3569 23.3096 23.3145 23.0796 22.9716   23.7636 23.6806 23.6371 23.6391 23.4032 23.2947 
2.020   21.1614 21.0973 21.0311 21.0514 20.8272 20.7218   21.6168 21.5484 21.4877 21.5051 21.2811 21.1752   22.3891 22.3150 22.2615 22.2750 22.0513 21.9448   23.1558 23.0776 23.0294 23.0400 22.8166 22.7096   23.4076 23.3259 23.2800 23.2891 23.0653 22.9580   23.7391 23.6497 23.6079 23.6142 23.3894 23.2816 
2.030   21.1372 21.0659 21.0001 21.0242 20.8110 20.7062   21.5925 21.5171 21.4570 21.4783 21.2654 21.1601   22.3645 22.2837 22.2313 22.2489 22.0362 21.9304   23.1311 23.0464 22.9995 23.0144 22.8020 22.6957   23.3830 23.2947 23.2503 23.2637 23.0510 22.9444   23.7145 23.6188 23.5785 23.5892 23.3755 23.2685 
2.040   21.1130 21.0345 20.9690 20.9969 20.7947 20.6905   21.5681 21.4857 21.4263 21.4515 21.2496 21.1450   22.3400 22.2524 22.2010 22.2227 22.0211 21.9159   23.1064 23.0151 22.9695 22.9886 22.7873 22.6817   23.3583 23.2636 23.2205 23.2382 23.0366 22.9308   23.6898 23.5879 23.5492 23.5642 23.3615 23.2553 
2.050   21.0886 21.0030 20.9378 20.9696 20.7783 20.6747   21.5436 21.4542 21.3955 21.4247 21.2337 21.1297   22.3153 22.2210 22.1706 22.1964 22.0059 21.9014   23.0817 22.9838 22.9395 22.9628 22.7726 22.6677   23.3335 23.2323 23.1907 23.2127 23.0221 22.9170   23.6651 23.5568 23.5197 23.5391 23.3475 23.2420 
2.060   21.0642 20.9714 20.9066 20.9422 20.7618 20.6589   21.5191 21.4227 21.3646 21.3977 21.2178 21.1144   22.2906 22.1895 22.1402 22.1701 21.9906 21.8868   23.0568 22.9524 22.9094 22.9370 22.7578 22.6537   23.3087 23.2010 23.1608 23.1871 23.0075 22.9032   23.6404 23.5257 23.4902 23.5140 23.3334 23.2287 
2.070   21.0398 20.9397 20.8753 20.9147 20.7453 20.6430   21.4945 21.3911 21.3337 21.3707 21.2018 21.0991   22.2659 22.1580 22.1097 22.1437 21.9753 21.8721   23.0319 22.9209 22.8793 22.9111 22.7429 22.6395   23.2838 23.1696 23.1309 23.1614 22.9929 22.8893   23.6155 23.4946 23.4607 23.4888 23.3193 23.2153 
2.080   21.0153 20.9080 20.8440 20.8872 20.7288 20.6270   21.4699 21.3595 21.3027 21.3437 21.1857 21.0836   22.2410 22.1264 22.0792 22.1173 21.9598 21.8574   23.0070 22.8894 22.8491 22.8851 22.7280 22.6253   23.2588 23.1382 23.1008 23.1356 22.9783 22.8754   23.5906 23.4633 23.4310 23.4635 23.3051 23.2018 
2.090   20.9907 20.8762 20.8126 20.8596 20.7121 20.6109   21.4451 21.3277 21.2716 21.3166 21.1695 21.0681   22.2161 22.0948 22.0486 22.0908 21.9444 21.8426   22.9820 22.8578 22.8188 22.8590 22.7130 22.6111   23.2338 23.1067 23.0708 23.1098 22.9635 22.8614   23.5656 23.4320 23.4013 23.4382 23.2908 23.1883 
2.100   20.9660 20.8444 20.7811 20.8319 20.6954 20.5948   21.4204 21.2959 21.2405 21.2894 21.1534 21.0526   22.1912 22.0631 22.0179 22.0642 21.9288 21.8278   22.9569 22.8261 22.7884 22.8329 22.6980 22.5967   23.2087 23.0751 23.0406 23.0840 22.9487 22.8473   23.5406 23.4007 23.3715 23.4128 23.2765 23.1747 
2.110   20.9448 20.8146 20.7525 20.8045 20.6748 20.5768   21.3988 21.2662 21.2121 21.2624 21.1332 21.0350   22.1691 22.0334 21.9899 22.0378 21.9092 21.8108   22.9345 22.7965 22.7607 22.8070 22.6788 22.5802   23.1863 23.0456 23.0130 23.0583 22.9298 22.8310   23.5180 23.3714 23.3442 23.3875 23.2579 23.1588 
2.120   20.9235 20.7847 20.7239 20.7771 20.6542 20.5587   21.3771 21.2364 21.1838 21.2354 21.1129 21.0173   22.1470 22.0037 21.9618 22.0114 21.8896 21.7938   22.9121 22.7669 22.7328 22.7810 22.6595 22.5636   23.1637 23.0161 22.9853 23.0325 22.9107 22.8147   23.4954 23.3421 23.3168 23.3622 23.2393 23.1428 
2.130   20.9021 20.7548 20.6952 20.7496 20.6335 20.5405   21.3554 21.2066 21.1553 21.2083 21.0927 20.9996   22.1249 21.9739 21.9337 21.9850 21.8698 21.7767   22.8896 22.7372 22.7049 22.7549 22.6402 22.5470   23.1412 22.9864 22.9576 23.0067 22.8916 22.7982   23.4727 23.3127 23.2894 23.3368 23.2207 23.1268 
2.140   20.8807 20.7249 20.6664 20.7220 20.6127 20.5222   21.3337 21.1767 21.1268 21.1812 21.0723 20.9818   22.1027 21.9441 21.9055 21.9584 21.8501 21.7595   22.8671 22.7074 22.6770 22.7288 22.6209 22.5303   23.1185 22.9568 22.9297 22.9808 22.8725 22.7818   23.4499 23.2832 23.2618 23.3113 23.2019 23.1108 
2.150   20.8592 20.6948 20.6376 20.6943 20.5918 20.5039   21.3119 21.1467 21.0982 21.1540 21.0519 20.9640   22.0804 21.9142 21.8772 21.9318 21.8302 21.7423   22.8445 22.6776 22.6490 22.7027 22.6014 22.5136   23.0958 22.9270 22.9019 22.9549 22.8533 22.7652   23.4271 23.2537 23.2343 23.2858 23.1832 23.0946 
2.160   20.8377 20.6647 20.6087 20.6666 20.5709 20.4855   21.2900 21.1167 21.0696 21.1267 21.0314 20.9461   22.0581 21.8843 21.8489 21.9051 21.8103 21.7250   22.8218 22.6477 22.6209 22.6764 22.5819 22.4967   23.0731 22.8972 22.8740 22.9289 22.8340 22.7486   23.4042 23.2241 23.2066 23.2603 23.1643 23.0784 
2.170   20.8161 20.6346 20.5798 20.6389 20.5500 20.4671   21.2680 21.0866 21.0409 21.0994 21.0109 20.9281   22.0357 21.8543 21.8205 21.8784 21.7903 21.7077   22.7991 22.6177 22.5927 22.6501 22.5624 22.4799   23.0503 22.8674 22.8460 22.9028 22.8147 22.7320   23.3813 23.1944 23.1789 23.2346 23.1454 23.0622 
2.180   20.7944 20.6044 20.5508 20.6110 20.5289 20.4486   21.2460 21.0564 21.0121 21.0720 20.9903 20.9101   22.0132 21.8242 21.7921 21.8516 21.7703 21.6903   22.7763 22.5877 22.5645 22.6238 22.5428 22.4629   23.0274 22.8374 22.8179 22.8767 22.7953 22.7153   23.3583 23.1647 23.1512 23.2090 23.1265 23.0459 
2.190   20.7727 20.5741 20.5217 20.5832 20.5079 20.4300   21.2240 21.0262 20.9833 21.0446 20.9696 20.8920   21.9907 21.7941 21.7636 21.8248 21.7502 21.6728   22.7534 22.5576 22.5363 22.5974 22.5231 22.4459   23.0044 22.8075 22.7898 22.8506 22.7759 22.6985   23.3352 23.1350 23.1234 23.1832 23.1074 23.0295 
2.200   20.7509 20.5437 20.4926 20.5552 20.4867 20.4114   21.2018 20.9959 20.9544 21.0171 20.9489 20.8738   21.9681 21.7639 21.7351 21.7979 21.7301 21.6553   22.7305 22.5275 22.5080 22.5709 22.5034 22.4289   22.9814 22.7774 22.7616 22.8243 22.7564 22.6817   23.3121 23.1051 23.0955 23.1574 23.0884 23.0131 
2.210   20.7216 20.5188 20.4678 20.5302 20.4669 20.3937   21.1720 20.9711 20.9297 20.9924 20.9294 20.8565   21.9378 21.7391 21.7106 21.7737 21.7111 21.6385   22.6998 22.5028 22.4837 22.5471 22.4848 22.4124   22.9505 22.7528 22.7375 22.8006 22.7379 22.6654   23.2808 23.0806 23.0715 23.1340 23.0703 22.9972 
2.220   20.6922 20.4939 20.4429 20.5050 20.4470 20.3759   21.1422 20.9462 20.9050 20.9677 20.9099 20.8391   21.9074 21.7142 21.6861 21.7494 21.6920 21.6216   22.6690 22.4780 22.4593 22.5232 22.4661 22.3959   22.9195 22.7280 22.7132 22.7769 22.7195 22.6491   23.2495 23.0561 23.0474 23.1106 23.0522 22.9813 
2.230   20.6627 20.4689 20.4179 20.4799 20.4270 20.3580   21.1123 20.9212 20.8802 20.9429 20.8903 20.8216   21.8769 21.6893 21.6615 21.7251 21.6729 21.6046   22.6381 22.4531 22.4349 22.4992 22.4473 22.3793   22.8884 22.7032 22.6889 22.7531 22.7009 22.6327   23.2181 23.0315 23.0233 23.0871 23.0340 22.9653 
2.240   20.6331 20.4438 20.3929 20.4547 20.4070 20.3401   21.0823 20.8962 20.8554 20.9180 20.8706 20.8040   21.8464 21.6644 21.6369 21.7007 21.6538 21.5876   22.6072 22.4282 22.4105 22.4751 22.4285 22.3627   22.8573 22.6784 22.6645 22.7292 22.6823 22.6163   23.1866 23.0068 22.9991 23.0636 23.0157 22.9492 
2.250   20.6036 20.4187 20.3679 20.4294 20.3869 20.3221   21.0523 20.8711 20.8305 20.8931 20.8509 20.7864   21.8158 21.6394 21.6122 21.6762 21.6345 21.5705   22.5762 22.4032 22.3860 22.4511 22.4097 22.3460   22.8261 22.6535 22.6401 22.7053 22.6637 22.5998   23.1551 22.9821 22.9749 23.0400 22.9975 22.9331 
2.260   20.5739 20.3935 20.3427 20.4041 20.3668 20.3041   21.0222 20.8460 20.8055 20.8681 20.8311 20.7688   21.7852 21.6143 21.5875 21.6517 21.6153 21.5534   22.5452 22.3782 22.3614 22.4269 22.3908 22.3293   22.7949 22.6286 22.6157 22.6813 22.6449 22.5833   23.1235 22.9573 22.9506 23.0163 22.9791 22.9169 
2.270   20.5442 20.3683 20.3176 20.3787 20.3466 20.2860   20.9921 20.8208 20.7805 20.8431 20.8113 20.7511   21.7545 21.5892 21.5627 21.6272 21.5959 21.5362   22.5141 22.3531 22.3368 22.4027 22.3718 22.3125   22.7636 22.6035 22.5911 22.6573 22.6262 22.5667   23.0919 22.9325 22.9263 22.9926 22.9607 22.9007 
2.280   20.5145 20.3430 20.2923 20.3532 20.3263 20.2678   20.9619 20.7955 20.7554 20.8180 20.7915 20.7333   21.7237 21.5640 21.5379 21.6026 21.5766 21.5190   22.4829 22.3280 22.3121 22.3785 22.3528 22.2956   22.7323 22.5785 22.5665 22.6332 22.6074 22.5500   23.0602 22.9076 22.9019 22.9689 22.9422 22.8844 
2.290   20.4846 20.3176 20.2670 20.3277 20.3060 20.2496   20.9317 20.7702 20.7303 20.7928 20.7715 20.7155   21.6930 21.5388 21.5130 21.5779 21.5571 21.5017   22.4517 22.3028 22.2874 22.3542 22.3337 22.2787   22.7009 22.5534 22.5419 22.6091 22.5885 22.5333   23.0285 22.8826 22.8775 22.9450 22.9237 22.8681 
2.300   20.4548 20.2922 20.2417 20.3022 20.2857 20.2314   20.9014 20.7449 20.7051 20.7676 20.7515 20.6977   21.6621 21.5135 21.4880 21.5532 21.5376 21.4843   22.4205 22.2775 22.2626 22.3298 22.3146 22.2618   22.6695 22.5282 22.5172 22.5849 22.5696 22.5166   22.9967 22.8576 22.8530 22.9212 22.9052 22.8517 
2.310   20.4227 20.2679 20.2180 20.2773 20.2659 20.2146   20.8694 20.7206 20.6816 20.7431 20.7320 20.6812   21.6303 21.4893 21.4647 21.5291 21.5186 21.4684   22.3888 22.2534 22.2394 22.3061 22.2959 22.2462   22.6378 22.5042 22.4942 22.5614 22.5510 22.5012   22.9650 22.8338 22.8301 22.8979 22.8869 22.8366 
2.320   20.3906 20.2435 20.1943 20.2524 20.2460 20.1978   20.8374 20.6963 20.6580 20.7185 20.7125 20.6647   21.5984 21.4651 21.4414 21.5050 21.4995 21.4524   22.3570 22.2293 22.2163 22.2823 22.2771 22.2305   22.6060 22.4801 22.4711 22.5377 22.5324 22.4857   22.9333 22.8099 22.8071 22.8745 22.8686 22.8215 
2.330   20.3585 20.2191 20.1705 20.2275 20.2260 20.1809   20.8054 20.6719 20.6344 20.6939 20.6929 20.6482   21.5665 21.4408 21.4180 21.4809 21.4803 21.4363   22.3252 22.2051 22.1930 22.2585 22.2583 22.2148   22.5742 22.4560 22.4479 22.5140 22.5137 22.4702   22.9015 22.7859 22.7842 22.8511 22.8503 22.8063 
2.340   20.3263 20.1946 20.1466 20.2024 20.2060 20.1639   20.7733 20.6475 20.6107 20.6692 20.6732 20.6316   21.5345 21.4165 21.3945 21.4566 21.4611 21.4202   22.2933 22.1809 22.1697 22.2346 22.2394 22.1991   22.5423 22.4318 22.4247 22.4903 22.4950 22.4546   22.8696 22.7619 22.7611 22.8277 22.8318 22.7911 
2.350   20.2940 20.1700 20.1227 20.1774 20.1860 20.1469   20.7411 20.6230 20.5870 20.6445 20.6535 20.6150   21.5025 21.3921 21.3710 21.4324 21.4418 21.4041   22.2614 22.1566 22.1464 22.2106 22.2205 22.1833   22.5104 22.4076 22.4015 22.4665 22.4763 22.4390   22.8377 22.7378 22.7380 22.8042 22.8134 22.7758 
2.360   20.2617 20.1454 20.0988 20.1523 20.1659 20.1299   20.7089 20.5985 20.5632 20.6197 20.6337 20.5983   21.4704 21.3677 21.3474 21.4080 21.4225 21.3878   22.2294 22.1322 22.1230 22.1866 22.2015 22.1674   22.4785 22.3833 22.3782 22.4427 22.4575 22.4233   22.8058 22.7137 22.7149 22.7806 22.7949 22.7604 
2.370   20.2294 20.1208 20.0748 20.1271 20.1457 20.1128   20.6767 20.5740 20.5394 20.5949 20.6139 20.5816   21.4383 21.3432 21.3238 21.3837 21.4032 21.3716   22.1973 22.1078 22.0995 22.1626 22.1825 22.1515   22.4465 22.3590 22.3548 22.4188 22.4386 22.4076   22.7738 22.6895 22.6917 22.7570 22.7763 22.7450 
2.380   20.1970 20.0961 20.0507 20.1019 20.1256 20.0956   20.6444 20.5493 20.5155 20.5700 20.5941 20.5648   21.4061 21.3187 21.3002 21.3592 21.3838 21.3553   22.1653 22.0834 22.0761 22.1385 22.1634 22.1356   22.4144 22.3346 22.3314 22.3949 22.4197 22.3918   22.7417 22.6653 22.6684 22.7334 22.7577 22.7296 
2.390   20.1645 20.0713 20.0266 20.0766 20.1053 20.0785   20.6120 20.5247 20.4916 20.5451 20.5742 20.5479   21.3739 21.2941 21.2764 21.3348 21.3643 21.3389   22.1331 22.0589 22.0525 22.1144 22.1443 22.1196   22.3823 22.3102 22.3079 22.3709 22.4007 22.3760   22.7096 22.6410 22.6451 22.7097 22.7390 22.7141 
2.400   20.1320 20.0465 20.0025 20.0513 20.0850 20.0612   20.5796 20.4999 20.4676 20.5201 20.5542 20.5310   21.3416 21.2695 21.2527 21.3102 21.3448 21.3225   22.1010 22.0343 22.0289 22.0902 22.1252 22.1035   22.3501 22.2857 22.2844 22.3469 22.3817 22.3601   22.6775 22.6167 22.6218 22.6859 22.7203 22.6985 
2.410   20.1103 20.0237 19.9812 20.0290 20.0662 20.0448   20.5580 20.4773 20.4464 20.4981 20.5357 20.5149   21.3200 21.2470 21.2316 21.2886 21.3267 21.3068   22.0794 22.0120 22.0080 22.0689 22.1073 22.0881   22.3286 22.2634 22.2636 22.3257 22.3640 22.3448   22.6561 22.5946 22.6011 22.6650 22.7029 22.6835 
2.420   20.0886 20.0009 19.9598 20.0067 20.0474 20.0284   20.5363 20.4546 20.4252 20.4761 20.5171 20.4987   21.2984 21.2245 21.2105 21.2669 21.3085 21.2910   22.0578 21.9896 21.9870 22.0475 22.0894 22.0726   22.3070 22.2411 22.2426 22.3045 22.3463 22.3295   22.6346 22.5724 22.5803 22.6440 22.6854 22.6685 
2.430   20.0668 19.9780 19.9384 19.9843 20.0285 20.0119   20.5145 20.4318 20.4039 20.4540 20.4985 20.4825   21.2767 21.2019 21.1894 21.2452 21.2902 21.2752   22.0361 21.9671 21.9659 22.0261 22.0714 22.0571   22.2854 22.2187 22.2217 22.2832 22.3284 22.3141   22.6131 22.5502 22.5594 22.6229 22.6678 22.6534 
2.440   20.0450 19.9550 19.9170 19.9618 20.0095 19.9953   20.4927 20.4090 20.3825 20.4318 20.4798 20.4663   21.2549 21.1793 21.1682 21.2235 21.2719 21.2593   22.0144 21.9446 21.9449 22.0046 22.0534 22.0415   22.2637 22.1963 22.2006 22.2618 22.3106 22.2987   22.5915 22.5280 22.5385 22.6018 22.6502 22.6382 
2.450   20.0231 19.9320 19.8955 19.9394 19.9905 19.9787   20.4709 20.3861 20.3611 20.4096 20.4611 20.4500   21.2331 21.1566 21.1470 21.2016 21.2536 21.2434   21.9926 21.9221 21.9237 21.9831 22.0354 22.0258   22.2420 22.1739 22.1796 22.2405 22.2927 22.2832   22.5699 22.5057 22.5176 22.5807 22.6326 22.6230 
2.460   20.0012 19.9090 19.8740 19.9168 19.9715 19.9621   20.4490 20.3632 20.3397 20.3873 20.4423 20.4336   21.2113 21.1339 21.1257 21.1798 21.2352 21.2274   21.9708 21.8995 21.9025 21.9615 22.0173 22.0102   22.2203 22.1514 22.1585 22.2190 22.2747 22.2677   22.5482 22.4833 22.4966 22.5595 22.6149 22.6078 
2.470   19.9792 19.8859 19.8524 19.8942 19.9524 19.9454   20.4271 20.3403 20.3182 20.3651 20.4235 20.4172   21.1894 21.1111 21.1043 21.1579 21.2168 21.2114   21.9490 21.8769 21.8813 21.9399 21.9991 21.9944   22.1984 22.1288 22.1373 22.1976 22.2567 22.2521   22.5265 22.4609 22.4756 22.5383 22.5971 22.5925 
2.480   19.9572 19.8627 19.8308 19.8716 19.9332 19.9287   20.4051 20.3173 20.2967 20.3427 20.4047 20.4008   21.1675 21.0883 21.0830 21.1359 21.1983 21.1953   21.9271 21.8542 21.8600 21.9183 21.9809 21.9787   22.1766 22.1062 22.1161 22.1760 22.2387 22.2365   22.5048 22.4385 22.4545 22.5170 22.5793 22.5772 
2.490   19.9352 19.8395 19.8091 19.8489 19.9141 19.9119   20.3831 20.2942 20.2752 20.3203 20.3858 20.3843   21.1455 21.0655 21.0615 21.1139 21.1798 21.1792   21.9051 21.8315 21.8387 21.8966 21.9627 21.9629   22.1547 22.0836 22.0948 22.1545 22.2206 22.2208   22.4830 22.4160 22.4334 22.4957 22.5615 22.5618 
2.500   19.9131 19.8163 19.7874 19.8262 19.8948 19.8951   20.3610 20.2711 20.2536 20.2979 20.3668 20.3677   21.1235 21.0425 21.0401 21.0919 21.1612 21.1631   21.8831 21.8087 21.8174 21.8748 21.9444 21.9470   22.1328 22.0609 22.0735 22.1329 22.2024 22.2051   22.4611 22.3935 22.4122 22.4743 22.5436 22.5464 
2.510   19.8958 19.7944 19.7684 19.8060 19.8770 19.8773   20.3438 20.2494 20.2346 20.2779 20.3491 20.3502   21.1064 21.0211 21.0212 21.0722 21.1438 21.1459   21.8662 21.7875 21.7985 21.8554 21.9273 21.9302   22.1158 22.0398 22.0548 22.1136 22.1854 22.1885   22.4444 22.3726 22.3935 22.4552 22.5268 22.5300 
2.520   19.8785 19.7725 19.7493 19.7857 19.8590 19.8594   20.3266 20.2277 20.2156 20.2578 20.3314 20.3327   21.0893 20.9997 21.0022 21.0525 21.1264 21.1288   21.8492 21.7662 21.7797 21.8359 21.9101 21.9133   22.0989 22.0186 22.0359 22.0942 22.1683 22.1717   22.4275 22.3516 22.3748 22.4361 22.5100 22.5136 
2.530   19.8611 19.7505 19.7302 19.7653 19.8411 19.8416   20.3093 20.2059 20.1965 20.2377 20.3137 20.3151   21.0722 20.9781 20.9833 21.0327 21.1090 21.1116   21.8321 21.7448 21.7607 21.8164 21.8929 21.8964   22.0819 21.9973 22.0170 22.0748 22.1512 22.1550   22.4107 22.3305 22.3560 22.4169 22.4931 22.4971 
2.540   19.8437 19.7285 19.7110 19.7449 19.8231 19.8236   20.2920 20.1841 20.1774 20.2176 20.2959 20.2974   21.0550 20.9566 20.9642 21.0129 21.0915 21.0943   21.8150 21.7235 21.7418 21.7968 21.8756 21.8794   22.0649 21.9761 21.9981 22.0553 22.1341 22.1382   22.3938 22.3094 22.3372 22.3976 22.4761 22.4806 
2.550   19.8263 19.7065 19.6918 19.7245 19.8050 19.8057   20.2747 20.1623 20.1583 20.1974 20.2781 20.2797   21.0378 20.9350 20.9452 20.9930 21.0740 21.0770   21.7979 21.7021 21.7228 21.7772 21.8583 21.8624   22.0478 21.9548 21.9792 22.0359 22.1169 22.1213   22.3769 22.2883 22.3183 22.3784 22.4592 22.4640 
2.560   19.8088 19.6843 19.6726 19.7040 19.7869 19.7876   20.2573 20.1403 20.1391 20.1771 20.2602 20.2620   21.0205 20.9133 20.9261 20.9731 21.0564 21.0597   21.7807 21.6806 21.7037 21.7576 21.8409 21.8454   22.0307 21.9334 21.9601 22.0163 22.0997 22.1044   22.3599 22.2671 22.2994 22.3590 22.4422 22.4474 
2.570   19.7912 19.6622 19.6533 19.6835 19.7688 19.7696   20.2398 20.1184 20.1199 20.1568 20.2423 20.2442   21.0032 20.8916 20.9069 20.9532 21.0388 21.0423   21.7634 21.6591 21.6846 21.7379 21.8236 21.8283   22.0135 21.9120 21.9411 21.9968 22.0824 22.0875   22.3429 22.2459 22.2805 22.3397 22.4251 22.4307 
2.580   19.7737 19.6400 19.6340 19.6629 19.7506 19.7515   20.2224 20.0964 20.1006 20.1365 20.2243 20.2264   20.9858 20.8699 20.8877 20.9332 21.0211 21.0249   21.7462 21.6376 21.6655 21.7181 21.8061 21.8112   21.9963 21.8906 21.9220 21.9771 22.0651 22.0705   22.3258 22.2247 22.2615 22.3203 22.4080 22.4140 
2.590   19.7560 19.6178 19.6146 19.6423 19.7324 19.7333   20.2048 20.0744 20.0813 20.1162 20.2063 20.2086   20.9684 20.8481 20.8685 20.9132 21.0034 21.0074   21.7289 21.6160 21.6463 21.6984 21.7886 21.7940   21.9791 21.8691 21.9029 21.9575 22.0477 22.0535   22.3087 22.2034 22.2424 22.3008 22.3909 22.3973 
2.600   19.7384 19.5955 19.5952 19.6216 19.7141 19.7152   20.1873 20.0523 20.0619 20.0957 20.1883 20.1907   20.9510 20.8263 20.8492 20.8931 20.9857 20.9899   21.7115 21.5944 21.6271 21.6785 21.7711 21.7768   21.9618 21.8476 21.8837 21.9378 22.0303 22.0365   22.2916 22.1820 22.2233 22.2813 22.3737 22.3805 
2.610   19.7265 19.5773 19.5795 19.6041 19.6981 19.6997   20.1753 20.0342 20.0462 20.0785 20.1725 20.1755   20.9390 20.8083 20.8335 20.8761 20.9701 20.9752   21.6995 21.5764 21.6113 21.6617 21.7558 21.7624   21.9499 21.8297 21.8679 21.9211 22.0151 22.0222   22.2798 22.1642 22.2076 22.2648 22.3587 22.3665 
2.620   19.7145 19.5591 19.5637 19.5866 19.6821 19.6842   20.1634 20.0160 20.0304 20.0611 20.1567 20.1603   20.9271 20.7902 20.8176 20.8590 20.9546 20.9604   21.6876 21.5584 21.5955 21.6449 21.7405 21.7480   21.9379 21.8117 21.8521 21.9043 21.9999 22.0079   22.2679 22.1464 22.1919 22.2482 22.3437 22.3525 
2.630   19.7025 19.5408 19.5478 19.5690 19.6660 19.6687   20.1514 19.9978 20.0145 20.0437 20.1408 20.1451   20.9150 20.7721 20.8018 20.8419 20.9390 20.9456   21.6755 21.5404 21.5796 21.6280 21.7251 21.7335   21.9259 21.7937 21.8363 21.8875 21.9846 21.9935   22.2560 22.1285 22.1761 22.2316 22.3286 22.3384 
2.640   19.6905 19.5224 19.5320 19.5514 19.6499 19.6532   20.1393 19.9795 19.9986 20.0263 20.1249 20.1299   20.9030 20.7539 20.7859 20.8248 20.9234 20.9308   21.6635 21.5223 21.5637 21.6110 21.7097 21.7189   21.9139 21.7757 21.8204 21.8707 21.9693 21.9792   22.2441 22.1106 22.1603 22.2150 22.3135 22.3243 
2.650   19.6784 19.5040 19.5160 19.5338 19.6338 19.6376   20.1273 19.9612 19.9827 20.0089 20.1089 20.1146   20.8909 20.7357 20.7700 20.8076 20.9077 20.9159   21.6514 21.5042 21.5478 21.5941 21.6942 21.7043   21.9018 21.7576 21.8045 21.8538 21.9540 21.9647   22.2322 22.0926 22.1444 22.1983 22.2984 22.3101 
2.660   19.6663 19.4856 19.5001 19.5161 19.6176 19.6219   20.1151 19.9429 19.9668 19.9914 20.0929 20.0992   20.8787 20.7175 20.7540 20.7904 20.8920 20.9009   21.6392 21.4860 21.5318 21.5770 21.6788 21.6897   21.8897 21.7395 21.7885 21.8369 21.9386 21.9503   22.2202 22.0746 22.1285 22.1816 22.2832 22.2959 
2.670   19.6541 19.4672 19.4841 19.4983 19.6013 19.6062   20.1030 19.9245 19.9508 19.9738 20.0769 20.0838   20.8666 20.6992 20.7380 20.7731 20.8762 20.8860   21.6270 21.4678 21.5158 21.5600 21.6632 21.6751   21.8776 21.7214 21.7725 21.8199 21.9232 21.9358   22.2081 22.0566 22.1126 22.1648 22.2680 22.2817 
2.680   19.6420 19.4487 19.4681 19.4806 19.5851 19.5905   20.0908 19.9061 19.9347 19.9563 20.0608 20.0684   20.8544 20.6809 20.7219 20.7558 20.8605 20.8710   21.6148 21.4496 21.4997 21.5429 21.6476 21.6604   21.8654 21.7032 21.7565 21.8030 21.9077 21.9212   22.1960 22.0385 22.0966 22.1480 22.2528 22.2674 
2.690   19.6297 19.4301 19.4520 19.4627 19.5687 19.5748   20.0785 19.8876 19.9186 19.9387 20.0447 20.0529   20.8421 20.6626 20.7058 20.7385 20.8446 20.8559   21.6025 21.4313 21.4836 21.5258 21.6320 21.6456   21.8532 21.6849 21.7404 21.7859 21.8922 21.9066   22.1839 22.0204 22.0806 22.1312 22.2375 22.2531 
2.700   19.6175 19.4116 19.4359 19.4449 19.5524 19.5590   20.0663 19.8691 19.9025 19.9210 20.0286 20.0374   20.8298 20.6442 20.6897 20.7211 20.8288 20.8408   21.5902 21.4130 21.4675 21.5086 21.6164 21.6309   21.8409 21.6667 21.7243 21.7689 21.8767 21.8920   22.1718 22.0022 22.0645 22.1143 22.2222 22.2387 
2.710   19.6119 19.3961 19.4217 19.4326 19.5389 19.5482   20.0607 19.8537 19.8884 19.9088 20.0154 20.0269   20.8243 20.6289 20.6757 20.7090 20.8159 20.8306   21.5848 21.3977 21.4536 21.4967 21.6038 21.6209   21.8355 21.6515 21.7105 21.7570 21.8643 21.8822   22.1665 21.9872 22.0509 22.1026 22.2101 22.2291 
2.720   19.6063 19.3805 19.4075 19.4202 19.5254 19.5375   20.0552 19.8383 19.8743 19.8966 20.0021 20.0164   20.8188 20.6135 20.6618 20.6970 20.8031 20.8204   21.5792 21.3825 21.4397 21.4848 21.5913 21.6109   21.8300 21.6363 21.6967 21.7452 21.8519 21.8723   22.1612 21.9722 22.0372 22.0910 22.1979 22.2195 
2.730   19.6007 19.3650 19.3932 19.4078 19.5118 19.5267   20.0496 19.8228 19.8601 19.8843 19.9889 20.0058   20.8132 20.5982 20.6477 20.6849 20.7902 20.8102   21.5737 21.3672 21.4258 21.4728 21.5787 21.6009   21.8245 21.6211 21.6828 21.7333 21.8394 21.8624   22.1558 21.9571 22.0235 22.0792 22.1857 22.2099 
2.740   19.5950 19.3494 19.3789 19.3954 19.4983 19.5158   20.0439 19.8073 19.8459 19.8720 19.9755 19.9952   20.8076 20.5827 20.6336 20.6727 20.7772 20.7999   21.5681 21.3518 21.4118 21.4608 21.5660 21.5909   21.8190 21.6058 21.6689 21.7214 21.8269 21.8525   22.1504 21.9419 22.0097 22.0675 22.1735 22.2002 
2.750   19.5894 19.3337 19.3646 19.3829 19.4846 19.5050   20.0382 19.7917 19.8317 19.8596 19.9622 19.9846   20.8019 20.5673 20.6195 20.6606 20.7643 20.7895   21.5625 21.3365 21.3978 21.4487 21.5533 21.5808   21.8134 21.5905 21.6550 21.7094 21.8144 21.8426   22.1450 21.9267 21.9959 22.0557 22.1613 22.1905 
2.760   19.5836 19.3180 19.3502 19.3704 19.4710 19.4940   20.0325 19.7761 19.8174 19.8472 19.9488 19.9739   20.7962 20.5518 20.6054 20.6483 20.7513 20.7792   21.5568 21.3211 21.3837 21.4367 21.5406 21.5706   21.8078 21.5752 21.6410 21.6974 21.8018 21.8326   22.1395 21.9115 21.9821 22.0439 22.1490 22.1808 
2.770   19.5779 19.3023 19.3358 19.3578 19.4573 19.4831   20.0268 19.7605 19.8031 19.8348 19.9354 19.9632   20.7905 20.5363 20.5912 20.6361 20.7382 20.7687   21.5511 21.3056 21.3697 21.4245 21.5279 21.5605   21.8022 21.5598 21.6270 21.6854 21.7892 21.8225   22.1340 21.8963 21.9682 22.0320 22.1366 22.1710 
2.780   19.5720 19.2866 19.3214 19.3453 19.4435 19.4721   20.0210 19.7448 19.7888 19.8224 19.9219 19.9524   20.7848 20.5207 20.5770 20.6238 20.7251 20.7583   21.5453 21.2901 21.3555 21.4124 21.5151 21.5503   21.7965 21.5444 21.6129 21.6733 21.7766 21.8125   22.1285 21.8810 21.9543 22.0201 22.1243 22.1611 
2.790   19.5662 19.2708 19.3069 19.3326 19.4298 19.4611   20.0152 19.7291 19.7744 19.8099 19.9084 19.9416   20.7790 20.5051 20.5627 20.6115 20.7120 20.7478   21.5396 21.2746 21.3414 21.4002 21.5022 21.5400   21.7908 21.5289 21.5988 21.6612 21.7639 21.8023   22.1229 21.8657 21.9404 22.0082 22.1119 22.1513 
2.800   19.5603 19.2550 19.2924 19.3200 19.4160 19.4500   20.0093 19.7133 19.7600 19.7973 19.8949 19.9308   20.7731 20.4895 20.5484 20.5991 20.6989 20.7373   21.5337 21.2591 21.3272 21.3880 21.4894 21.5298   21.7850 21.5134 21.5847 21.6491 21.7512 21.7922   22.1173 21.8503 21.9264 21.9962 22.0994 22.1414 
2.810   19.5584 19.2438 19.2841 19.3144 19.4090 19.4462   20.0072 19.7024 19.7519 19.7919 19.8883 19.9272   20.7707 20.4789 20.5407 20.5939 20.6928 20.7341   21.5312 21.2488 21.3196 21.3830 21.4837 21.5269   21.7824 21.5033 21.5773 21.6442 21.7457 21.7895   22.1147 21.8406 21.9192 21.9916 22.0944 22.1391 
2.820   19.5564 19.2326 19.2759 19.3087 19.4020 19.4423   20.0050 19.6915 19.7438 19.7864 19.8817 19.9236   20.7683 20.4684 20.5328 20.5887 20.6867 20.7310   21.5285 21.2385 21.3120 21.3779 21.4780 21.5240   21.7797 21.4932 21.5698 21.6393 21.7403 21.7868   22.1121 21.8307 21.9120 21.9870 22.0893 22.1367 
2.830   19.5544 19.2214 19.2676 19.3031 19.3949 19.4384   20.0027 19.6805 19.7357 19.7809 19.8750 19.9200   20.7658 20.4577 20.5250 20.5835 20.6806 20.7277   21.5259 21.2281 21.3043 21.3729 21.4723 21.5211   21.7771 21.4830 21.5622 21.6344 21.7347 21.7841   22.1094 21.8209 21.9047 21.9824 22.0842 22.1343 
2.840   19.5523 19.2101 19.2592 19.2974 19.3878 19.4344   20.0005 19.6695 19.7276 19.7754 19.8683 19.9163   20.7633 20.4471 20.5171 20.5782 20.6744 20.7245   21.5232 21.2177 21.2966 21.3678 21.4665 21.5182   21.7743 21.4728 21.5547 21.6294 21.7292 21.7813   22.1067 21.8110 21.8975 21.9777 22.0791 22.1318 
2.850   19.5502 19.1988 19.2508 19.2916 19.3807 19.4304   19.9982 19.6585 19.7194 19.7698 19.8616 19.9126   20.7607 20.4364 20.5091 20.5729 20.6682 20.7212   21.5204 21.2073 21.2888 21.3626 21.4608 21.5152   21.7716 21.4625 21.5471 21.6244 21.7236 21.7785   22.1039 21.8011 21.8901 21.9730 22.0739 22.1294 
2.860   19.5481 19.1874 19.2424 19.2858 19.3736 19.4264   19.9959 19.6474 19.7112 19.7642 19.8548 19.9089   20.7581 20.4257 20.5012 20.5675 20.6620 20.7178   21.5177 21.1969 21.2811 21.3575 21.4549 21.5121   21.7688 21.4522 21.5394 21.6194 21.7180 21.7756   22.1011 21.7911 21.8828 21.9682 22.0687 22.1269 
2.870   19.5459 19.1761 19.2340 19.2800 19.3664 19.4224   19.9935 19.6363 19.7029 19.7586 19.8480 19.9051   20.7555 20.4150 20.4932 20.5621 20.6557 20.7144   21.5148 21.1864 21.2733 21.3523 21.4491 21.5091   21.7660 21.4419 21.5317 21.6143 21.7124 21.7727   22.0983 21.7812 21.8754 21.9634 22.0635 22.1243 
2.880   19.5437 19.1647 19.2255 19.2742 19.3592 19.4183   19.9911 19.6252 19.6946 19.7529 19.8412 19.9013   20.7529 20.4042 20.4851 20.5567 20.6494 20.7110   21.5120 21.1759 21.2654 21.3471 21.4432 21.5060   21.7631 21.4316 21.5240 21.6092 21.7067 21.7698   22.0955 21.7711 21.8679 21.9586 22.0582 22.1218 
2.890   19.5415 19.1532 19.2170 19.2683 19.3519 19.4142   19.9887 19.6140 19.6863 19.7472 19.8343 19.8975   20.7502 20.3934 20.4771 20.5513 20.6431 20.7076   21.5091 21.1653 21.2575 21.3418 21.4373 21.5029   21.7602 21.4212 21.5163 21.6041 21.7010 21.7669   22.0926 21.7611 21.8605 21.9538 22.0529 22.1192 
2.900   19.5392 19.1417 19.2084 19.2624 19.3446 19.4100   19.9862 19.6028 19.6779 19.7415 19.8274 19.8936   20.7475 20.3825 20.4690 20.5458 20.6367 20.7041   21.5062 21.1548 21.2496 21.3365 21.4313 21.4997   21.7573 21.4108 21.5085 21.5989 21.6952 21.7639   22.0896 21.7510 21.8530 21.9489 22.0476 22.1165 
2.910   nan nan nan nan nan nan   nan nan nan nan nan nan   nan nan nan nan nan nan   nan nan nan nan nan nan   nan nan nan nan nan nan   nan nan nan nan nan nan 
2.920   nan nan nan nan nan nan   nan nan nan nan nan nan   nan nan nan nan nan nan   nan nan nan nan nan nan   nan nan nan nan nan nan   nan nan nan nan nan nan 
2.930   nan nan nan nan nan nan   nan nan nan nan nan nan   nan nan nan nan nan nan   nan nan nan nan nan nan   nan nan nan nan nan nan   nan nan nan nan nan nan 
2.940   nan nan nan nan nan nan   nan nan nan nan nan nan   nan nan nan nan nan nan   nan nan nan nan nan nan   nan nan nan nan nan nan   nan nan nan nan nan nan 
2.950   nan nan nan nan nan nan   nan nan nan nan nan nan   nan nan nan nan nan nan   nan nan nan nan nan nan   nan nan nan nan nan nan   nan nan nan nan nan nan 
2.960   nan nan nan nan nan nan   nan nan nan nan nan nan   nan nan nan nan nan nan   nan nan nan nan nan nan   nan nan nan nan nan nan   nan nan nan nan nan nan 
2.970   nan nan nan nan nan nan   nan nan nan nan nan nan   nan nan nan nan nan nan   nan nan nan nan nan nan   nan nan nan nan nan nan   nan nan nan nan nan nan 
2.980   nan nan nan nan nan nan   nan nan nan nan nan nan   nan nan nan nan nan nan   nan nan nan nan nan nan   nan nan nan nan nan nan   nan nan nan nan nan nan 
2.990   nan nan nan nan nan nan   nan nan nan nan nan nan   nan nan nan nan nan nan   nan nan nan nan nan nan   nan nan nan nan nan nan   nan nan nan nan nan nan 
