NAME photo-z pz_err pz_lim RS_richness FLAG
J1000-3016 -1.0 0.0 -0.0,+0.0 0.0 2
J1000-2037 -1.0 0.0 -0.0,+0.0 0.0 2
J1039-2502 -1.0 0.0 -0.0,+0.0 0.0 2
J1240-2255 -1.0 0.0 -0.0,+0.0 0.0 2
J1245-2259 -1.0 0.0 -0.0,+0.0 0.0 2
J1252-2220 -1.0 0.0 -0.0,+0.0 0.0 2
J1259-1953 -1.0 0.0 -0.0,+0.0 0.0 2
J1307-2052 -1.0 0.0 -0.0,+0.0 0.0 2
J1315-2806 -1.0 0.0 -0.0,+0.0 0.0 2
J1325-2014 -1.0 0.0 -0.0,+0.0 0.0 2
J1347-2052 -1.0 0.0 -0.0,+0.0 0.0 2
J1015-2604 -1.0 0.0 -0.0,+0.0 0.0 2
J1113-2214 -1.0 0.0 -0.0,+0.0 0.0 2
J1239-2915 -1.0 0.0 -0.0,+0.0 0.0 2
J1259-2129 -1.0 0.0 -0.0,+0.0 0.0 2
