NAME photo-z pz_err pz_lim RS_richness FLAG RAJ2000 DEJ2000 Xi z M500c R200 MYNAME bcg1 bcg2 z_diff BCG-X['] BCG-X[kpc]
J1159-2258 0.7 0.025 -0.04,+0.01 36.0 1 179.9615 -22.9816 5.81 0.7 4.42 3.6117340594179534 cl13 179.9801273525303,-22.98737129608317 179.9610849711959,-22.95350494601417 0.0 0.30058112967414496 477.26683762089976
J1342-2757 0.65 0.0275 -0.025,+0.03 42.0 0 205.5959 -27.9616 5.46 0.65 4.26 3.753278994450952 cl44 205.5918808316212,-27.96798793329093 205.5929146514259,-27.97253139020198 0.0 0.11682631976244837 186.9190089487528
J1354-2011 0.34 0.0075 -0.005,+0.01 69.0 0 208.5239 -20.1907 6.02 0.34 5.02 6.400071206347194 cl46 208.5292757446178,-20.18459339860502 208.5484027614437,-20.09495110252401 0.0 0.07426174363358679 141.69779046996067
J1101-2244 0.14 0.0 0.0,+0.0 58.0 0 165.3057 -22.7357 5.38 0.142 5.69 13.91453562731356 cl5 165.3104187016687,-22.73136820783074 165.34995180011,-22.72143215994743 0.001999999999999974 0.026477923415390542 56.58180424534188
J1203-2131 0.195 0.0025 0.0,+0.005 116.0 0 180.8185 -21.5298 8.48 0.199 6.68 10.933651476697356 cl15 180.7841937846852,-21.43674152452527 180.8198526667247,-21.54834447943653 0.0040000000000000036 0.5398834229241735 1193.217452629405
J1115-2550 0.515 0.01 -0.01,+0.01 41.0 0 168.9862 -25.8431 5.61 0.52 5.34 4.738762539643167 cl7 168.9797469681012,-25.83809053922607 169.0212665325114,-25.88006131799728 0.0050000000000000044 0.09711088430795953 176.4026106271229
J1251-2230 0.05 0.0 0.0,+0.0 16.0 1 192.7899 -22.5053 4.38 0.045 4.22 36.6897094075671 cl59 192.6236983744727,-22.83758968637353 192.8658347542846,-22.70562578463134 0.0050000000000000044 0.5984869272634163 1195.0202353462905
J1257-2926 0.525 0.0075 -0.005,+0.01 89.0 1 194.3183 -29.4489 10.2 0.53 6.97 5.107981446420452 cl30 194.3193249496663,-29.44750147137565 194.2896218351474,-29.51293073170562 0.0050000000000000044 0.019487876431956184 38.53455116869738
J1246-2548 0.315 0.01 -0.005,+0.015 24.0 0 191.5274 -25.8011 5.79 0.32 4.91 6.664988686081357 cl25 191.5282850373499,-25.79216946840009 191.5774910948691,-25.79877497447309 0.0050000000000000044 0.08071441095794155 154.03325989173763
J1141-2127 0.295 0.0075 -0.005,+0.01 65.0 0 175.493 -21.4629 4.83 0.3 5.01 7.065230142418047 cl55 175.5676824657666,-21.38293612634177 175.5031881369847,-21.42674644907063 0.0050000000000000044 0.8998471277580228 1741.8006625837077
J1309-2417 0.775 0.01 -0.01,+0.01 58.0 0 197.4801 -24.2999 8.06 0.78 5.59 3.6324451574338417 cl35 197.4253337235177,-24.29843446533546 197.4712544024827,-24.28194937348641 0.0050000000000000044 0.8248328437569966 1371.965553069119
J1025-2041 0.305 0.005 -0.005,+0.005 40.0 0 156.2867 -20.688 4.19 0.31 4.61 6.693681164090248 cl49 156.2906044271716,-20.69749929150426 156.2924237604328,-20.69521107876912 0.0050000000000000044 0.0912261279866899 171.1129470296502
J1304-2349 0.35 0.01 -0.015,+0.005 78.0 0 196.0548 -23.8244 5.31 0.34 4.55 6.193755142584362 cl33 196.0437979000369,-23.82408884085567 196.0674924036801,-23.72885960323186 0.009999999999999953 0.09754412314980739 180.1226267784915
J1154-2609 0.35 0.0125 -0.01,+0.015 95.0 0 178.566 -26.1533 6.92 0.34 6.63 7.021901660251314 cl12 178.6403211268373,-26.1300509116764 178.566617172168,-26.15423657515058 0.009999999999999953 0.6037111487774436 1263.8544715946284
J1221-3010 0.7 0.025 -0.03,+0.02 54.0 0 185.3879 -30.1713 11.63 0.71 7.23 4.214820315776051 cl17 185.3852595997727,-30.17268358685981 185.3879900740868,-30.17021159153251 0.010000000000000009 0.03799818566659321 70.80622339807967
J1256-2851 0.35 0.005 -0.005,+0.005 85.0 0 194.074 -28.8594 5.93 0.36 4.95 6.091519603273849 cl29 194.0714700527795,-28.86389395419895 194.0248260611924,-28.88425506302617 0.010000000000000009 0.04935204765352316 93.01947354587614
J1204-2814 0.13 0.0025 -0.005,+0.0 25.0 0 181.05 -28.2361 4.65 0.141 4.29 12.744269092825508 cl56 181.0442408285278,-28.23161686581078 181.011057110971,-28.24947617291601 0.010999999999999982 0.031876887335449 62.01997397777192
J1333-2318 0.14 0.0 0.0,+0.0 61.0 0 203.4162 -23.3011 5.5 0.126 4.95 14.782962151071649 cl41 203.2912934964722,-23.42704456464394 203.4134340968199,-23.2981211974053 0.014000000000000012 0.6912953236849121 1417.8785542448527
J1342-2442 0.825 0.0325 -0.035,+0.03 11.0 0 205.5035 -24.7051 6.44 0.81 4.65 3.332271495867304 cl43 205.5085100050166,-24.66513477249961 205.5074379256583,-24.69913106898367 0.014999999999999902 0.7242563407291405 1119.569430610968
J1042-2142 0.455 0.0075 -0.01,+0.005 60.0 0 160.6896 -21.7163 4.62 0.47 4.67 4.879665257848615 cl51 160.6922121928681,-21.70141447622449 160.6830119904802,-21.6858856444155 0.014999999999999958 0.18544798452939454 328.5409896302264
J1231-2548 0.455 0.0125 -0.015,+0.01 71.0 0 187.7982 -25.8126 6.42 0.47 5.12 5.031618719013122 cl21 187.7972730722097,-25.81500672751361 187.8513652194538,-25.79529393314922 0.014999999999999958 0.030375229638978082 55.488719989220776
J1039-2609 0.395 0.0175 -0.025,+0.01 71.0 0 159.8641 -26.1622 4.58 0.41 4.7 5.417265173499308 cl50 159.867216082412,-26.16473227415498 159.869748743061,-26.16845475821027 0.014999999999999958 0.041787170099952316 75.94114929461017
J1229-2021 0.395 0.015 -0.015,+0.015 51.0 0 187.2582 -20.3666 5.28 0.41 4.4 5.299461005488005 cl20 187.2437999936252,-20.37737940021371 187.2318914224014,-20.37519371638215 0.014999999999999958 0.19558640444571815 347.7158387597384
J1126-2046 0.655 0.025 -0.02,+0.03 32.0 0 171.5991 -20.7753 4.77 0.64 4.51 3.866537625465799 cl54 171.5773642706886,-20.77180891605011 171.6213894338304,-20.80740958529261 0.015000000000000013 0.319981658489208 523.8697322211353
J1042-2012 0.35 0.01 -0.01,+0.01 35.0 0 160.7066 -20.2083 4.64 0.33 4.87 6.486623497588307 cl52 160.695843587531,-20.21399938899142 160.6857699575465,-20.22880337421376 0.019999999999999962 0.10722346639718427 203.29921179043683
J1153-2137 0.48 0.0075 -0.01,+0.005 62.0 0 178.3836 -21.6231 5.65 0.46 5.48 5.229573077720112 cl11 178.3884747162886,-21.6059011243982 178.4019694402596,-21.59701387007961 0.019999999999999962 0.20406191011697464 382.809690682678
J1253-2610 0.47 0.0075 -0.005,+0.01 72.0 0 193.4332 -26.1742 5.31 0.49 4.32 4.610901355563336 cl28 193.4315322393321,-26.17752835833268 193.4219043149244,-26.17847677889758 0.020000000000000018 0.04748837587362909 81.33356910283905
J1022-2337 0.43 0.0075 -0.01,+0.005 48.0 0 155.7469 -23.6277 4.37 0.41 4.57 5.366851048718234 cl48 155.7405930734826,-23.62368235604297 155.6982821444342,-23.66614142405378 0.020000000000000018 0.07868044201917095 141.65778376146957
J1302-2405 0.65 0.02 -0.085,+-0.045 39.0 0 195.6523 -24.0878 7.64 0.67 5.5 4.002589441768238 cl32 195.6685257641659,-24.09441492262632 195.6571690909167,-24.08999269943417 0.020000000000000018 0.24317853712365087 420.30256830642054
J1314-2515 0.27 0.005 -0.005,+0.005 129.0 0 198.6165 -25.2599 15.39 0.247 9.66 10.306738106820044 cl36 198.6657944507148,-25.33817761931459 198.6362034776955,-25.25741781885332 0.02300000000000002 0.5243677058865477 1288.1938500795204
J1131-1955 0.33 0.0075 -0.01,+0.005 116.0 0 172.9821 -19.9249 10.63 0.307 8.89 8.396744179550026 cl8 173.0009739989374,-19.91144155789262 173.0288662258275,-19.86149708650701 0.02300000000000002 0.15914278589459152 371.96697061945207
J1150-2805 0.365 0.0075 -0.005,+0.01 315.0 0 177.7109 -28.0868 24.0 0.39 14.45 8.183700731464924 cl10 177.7356185728123,-28.12727625675495 177.7090210525799,-28.08216906452176 0.025000000000000022 0.3370739370640106 897.6286604195171
J1335-2046 0.485 0.0175 -0.015,+0.02 36.0 0 203.7929 -20.7708 6.47 0.51 5.1 4.732907718655507 cl42 203.7846841759778,-20.76406398270813 203.8012864570082,-20.77019787203712 0.025000000000000022 0.12952308583924105 232.61630659549206
J1210-2218 0.29 0.0075 -0.005,+0.01 60.0 0 182.7116 -22.3102 5.82 0.26 5.02 7.94262378677726 cl16 182.7185645840993,-22.31885017584853 182.720773079784,-22.31657807993397 0.02999999999999997 0.08147950913093922 160.16891060671276
J1227-2227 0.3 0.005 -0.005,+0.005 47.0 0 186.7883 -22.4508 6.24 0.27 5.28 7.831220343198741 cl19 186.7880732862902,-22.4621123261086 186.7903829196786,-22.46319615220579 0.02999999999999997 0.08668584806536785 172.6618106022114
J1251-2308 0.325 0.0025 -0.005,+0.0 34.0 0 192.8977 -23.1401 4.47 0.29 4.06 6.769524143854783 cl60 192.9030245642312,-23.13233286097766 192.8801201025927,-23.24626530901106 0.03500000000000003 0.08137916977977216 147.4074448589283
J1042-2847 0.755 0.0225 -0.025,+0.02 51.0 0 160.5667 -28.7909 6.63 0.72 5.76 3.870525928408687 cl4 160.6337646073515,-28.78512217516398 160.522289733371,-28.76509280271004 0.03500000000000003 0.9155225044640017 1575.2268761368189
J1023-2715 0.29 0.01 -0.01,+0.01 115.0 0 155.9547 -27.2581 8.89 0.253 8.01 9.492462542126173 cl2 155.9662371657336,-27.16232739732679 155.8518660477954,-27.27102382875335 0.03699999999999998 0.6088239869487319 1402.0843685408972
J1105-1954 0.47 0.01 -0.01,+0.01 58.0 0 166.367 -19.9056 5.25 0.51 5.03 4.71115406028187 cl6 166.3571506998791,-19.905486315148 166.3681188079708,-19.94440217978562 0.040000000000000036 0.1179526700298599 210.86282419927664
J1200-2002 0.63 0.02 -0.02,+0.02 26.0 0 180.0551 -20.0438 7.28 0.67 5.34 3.963393881604331 cl14 180.0582285914071,-20.04701412587887 180.0948107122259,-19.99062905065789 0.040000000000000036 0.06593301199371035 112.84073526614135
J1312-2505 0.59 0.01 -0.01,+0.01 28.0 0 198.2329 -25.0925 4.4 0.63 3.66 3.64616113011949 cl65 198.2268197274506,-25.0858718682282 198.1921488122571,-25.05145897970264 0.040000000000000036 0.14180035600131646 217.4067904224054
J1254-2408 0.695 0.0225 -0.025,+0.02 27.0 0 193.5557 -24.1344 4.4 0.65 3.62 3.5550346556212484 cl62 193.5615658704367,-24.13778382300378 193.5688181643096,-24.1316363621389 0.04499999999999993 0.10688315511601898 161.9776260805521
J1159-2258 0.745 0.055 -0.03,+0.08 22.0 1 179.9615 -22.9816 5.81 0.7 4.42 3.6117340594179534 cl13 179.9801273525303,-22.98737129608317 179.9610849711959,-22.95350494601417 0.04500000000000004 0.30058112967414496 477.26683762089976
J1323-2442 0.35 0.01 -0.015,+0.005 28.0 0 200.8031 -24.7112 5.46 0.3 4.69 6.911484717378777 cl39 200.8037903959249,-24.7131632768482 200.8038075683409,-24.71532897346194 0.04999999999999999 0.017892118736268794 33.879463716788116
J1223-3014 0.415 0.025 -0.03,+0.02 45.0 0 185.8559 -30.2448 6.4 0.47 5.1 5.025058582866151 cl18 185.9416928369785,-30.24971578984077 185.8988346766993,-30.29097875823215 0.05499999999999999 0.886865056770362 1617.9909400126485
J1315-2117 0.545 0.025 -0.025,+0.025 27.0 0 198.792 -21.2982 6.31 0.61 4.84 4.093202258466613 cl37 198.8460707838768,-21.25258593109882 198.7931965895994,-21.28916786773767 0.06499999999999995 0.9962746116284315 1689.9994505887253
J1250-3010 0.36 0.0125 -0.015,+0.01 73.0 0 192.5661 -30.1676 5.93 0.43 4.83 5.273367056891586 cl26 192.6449924214295,-30.21523040352551 192.5597969734265,-30.16648595446365 0.07 0.9463964093437924 1722.2346885336037
J1144-2835 0.5 0.0075 -0.005,+0.01 83.0 0 176.0421 -28.5847 5.14 0.575 4.86 4.273056633853989 cl9 176.0387677918099,-28.58458797865577 176.0404058945672,-28.5819134200621 0.07499999999999996 0.041116136545062125 70.82029083756152
J1252-2711 0.575 0.01 -0.01,+0.01 43.0 0 193.0096 -27.1926 4.59 0.43 3.97 4.939721457266188 cl61 193.0137089342959,-27.22847749529386 193.0059942280724,-27.1804986243911 0.14499999999999996 0.438038180700468 746.6991787571194
J1341-2346 0.39 0.015 -0.015,+0.015 66.0 1 205.491 -23.771 4.86 0.21 4.39 9.080074377597988 cl67 205.3759940030187,-23.79274100035729 205.4395664684143,-23.73263343031101 0.18000000000000002 0.7101003533488967 1359.1698183318542
J1341-2346 0.025 0.0 -1.025,+-1.025 5.0 1 205.491 -23.771 4.86 0.21 4.39 9.080074377597988 cl67 205.4592501405751,-23.80882435905111 205.4811200168048,-23.74544698989085 0.185 0.3151552290549331 603.2238589951306
J1309-2244 0.575 0.0075 -0.005,+0.01 61.0 0 197.3718 -22.7484 4.75 0.35 4.14 5.866872476387075 cl64 197.3808757539593,-22.74028834058527 197.3479483861744,-22.83326764846742 0.22499999999999998 0.11920220763737543 212.48864874885516
J1257-2926 0.285 0.0025 0.015,+0.02 79.0 1 194.3183 -29.4489 10.2 0.53 6.97 5.107981446420452 cl30 194.3498987761066,-29.44922323608747 194.3101545138827,-29.51679667885358 0.24500000000000005 0.3232340925577484 639.1502287396086
J1217-2928 0.545 0.015 -0.015,+0.015 110.0 0 184.3107 -29.4804 4.66 0.2 4.26 9.370923991711962 cl57 184.3115715317513,-29.45928865630224 184.3568020997336,-29.43102337039613 0.34500000000000003 0.13525864597787193 257.2223640970297
J1251-2230 0.53 0.01 -0.01,+0.01 649.0 1 192.7899 -22.5053 4.38 0.045 4.22 36.6897094075671 cl59 193.3440922484878,-22.68784579030755 192.7914892250808,-22.53747420495368 0.48500000000000004 0.8883753832094277 1773.8508748604963
